PC/104 FIRe Fluorometer 1.3.6
12/ 6/2019      2870
LED Color: blue
Gain:1400
Sample Delay (msec):  1000
Number Samples:  10
STF (usec):  120
STRP (#samples):   60
STRI (usec):   60
MTF (ms):    20
MTF (#samples):   250
MTRP (#samples):   40
MTRI (usec):  100
PQLen:     4
Ambient Light Source Power: On
PAR (uMol/m^2/s): 42.11
Num PAR Steps:   16
PAR Off Int (sec):    0
PAR On Int (sec):    0
Comment:

         Time    EX   Fl-Yield 
DATA--------------------------
   0         0     0       0.0 
   1         1   513    1086.5 
   2         2   910    1120.8 
   3         3   980    1140.0 
   4         4   992    1147.3 
   5         5   996    1140.0 
   6         6   996    1151.6 
   7         7   997    1142.9 
   8         8   997    1162.5 
   9         9   997    1155.5 
  10        10   997    1163.1 
  11        11   998    1162.2 
  12        12   998    1166.8 
  13        13   998    1160.9 
  14        14   997    1170.3 
  15        15   997    1171.2 
  16        16   997    1168.3 
  17        17   998    1171.3 
  18        18   999    1166.0 
  19        19   997    1179.6 
  20        20   998    1170.1 
  21        21   999    1177.4 
  22        22   999    1179.6 
  23        23   998    1187.3 
  24        24   998    1184.5 
  25        25   999    1185.9 
  26        26   999    1184.5 
  27        27   999    1184.0 
  28        28   998    1181.6 
  29        29   999    1183.1 
  30        30  1000    1186.7 
  31        31   998    1190.6 
  32        32   998    1191.4 
  33        33   998    1186.9 
  34        34   999    1185.8 
  35        35   997    1201.1 
  36        36   997    1191.5 
  37        37   999    1196.8 
  38        38   998    1197.3 
  39        39   999    1202.7 
  40        40   999    1194.4 
  41        41   999    1195.6 
  42        42   999    1198.0 
  43        43   999    1198.7 
  44        44   999    1190.5 
  45        45   999    1193.1 
  46        46   998    1195.3 
  47        47   998    1193.8 
  48        48   998    1198.1 
  49        49   998    1202.4 
  50        50   998    1196.1 
  51        51   998    1204.7 
  52        52   999    1204.5 
  53        53   998    1203.7 
  54        54   998    1197.9 
  55        55   998    1199.3 
  56        56   998    1206.9 
  57        57   998    1197.5 
  58        58   999    1199.4 
  59        59   999    1208.6 
  60        60   998    1204.6 
  61        61   997    1204.3 
  62        62   997    1209.9 
  63        63   998    1199.0 
  64        64   998    1211.6 
  65        65   998    1208.8 
  66        66   998    1204.9 
  67        67   999    1199.4 
  68        68   998    1209.7 
  69        69   998    1203.5 
  70        70   998    1204.1 
  71        71   999    1194.7 
  72        72   999    1203.8 
  73        73   997    1209.1 
  74        74   999    1210.5 
  75        75   998    1206.0 
  76        76   999    1205.0 
  77        77   997    1212.1 
  78        78   998    1205.4 
  79        79   998    1214.5 
  80        80   998    1205.0 
  81        81   998    1207.7 
  82        82   998    1210.5 
  83        83   998    1205.2 
  84        84   998    1208.8 
  85        85   998    1206.9 
  86        86   998    1203.1 
  87        87   998    1208.2 
  88        88   998    1207.9 
  89        89   998    1206.5 
  90        90   998    1206.1 
  91        91   998    1206.5 
  92        92   998    1208.9 
  93        93   998    1208.1 
  94        94   998    1204.7 
  95        95   998    1198.9 
  96        96   998    1209.6 
  97        97   998    1211.2 
  98        98   998    1220.0 
  99        99   998    1209.8 
 100       100   998    1214.0 
 101       101   998    1204.0 
 102       102   998    1214.6 
 103       103   998    1203.3 
 104       104   998    1210.7 
 105       105   998    1203.5 
 106       106   998    1208.2 
 107       107   998    1208.6 
 108       108   998    1209.5 
 109       109   998    1215.0 
 110       110   998    1212.6 
 111       111   998    1207.7 
 112       112   998    1208.1 
 113       113   998    1208.0 
 114       114   998    1207.6 
 115       115   998    1202.2 
 116       116   998    1208.2 
 117       117   998    1210.3 
 118       118   998    1207.9 
 119       119   998    1210.8 
 120       120   998    1210.8 
 121       180   554    1174.5 
 122       240   554    1194.4 
 123       300   553    1188.4 
 124       360   551    1169.7 
 125       420   553    1168.0 
 126       480   551    1184.9 
 127       540   552    1176.3 
 128       600   551    1147.0 
 129       780   550    1146.7 
 130       960   547    1138.9 
 131      1140   545    1140.9 
 132      1320   548    1115.7 
 133      1500   547    1108.8 
 134      2040   544    1107.2 
 135      2661   539    1102.8 
 136      3375   540    1103.1 
 137      4196   537    1097.4 
 138      5140   536    1105.2 
 139      6226   538    1099.6 
 140      7475   537    1097.8 
 141      8911   534    1086.5 
 142     10562   533    1105.4 
 143     12461   534    1091.9 
 144     14645   530    1083.4 
 145     17157   531    1098.7 
 146     20046   530    1093.0 
 147     23368   529    1082.2 
 148     27188   528    1087.3 
 149     31581   528    1093.0 
 150     36633   528    1090.9 
 151     42443   526    1100.4 
 152     49125   525    1075.2 
 153     56809   527    1093.7 
 154     65646   524    1105.7 
 155     75809   525    1088.2 
 156     87496   525    1086.1 
 157    100936   522    1082.6 
 158    116392   521    1087.5 
 159    134166   520    1094.2 
 160    154606   520    1083.7 
 161    178112   520    1096.9 
 162    205144   520    1078.8 
 163    236231   520    1081.9 
 164    271981   520    1097.1 
 165    313093   520    1078.7 
 166    360372   520    1076.7 
 167    414743   520    1073.7 
 168    477270   520    1075.8 
 169    542270   520    1068.1 
 170    607270   520    1085.0 
 171    672270   520    1065.8 
 172    737270   520    1071.3 
 173    802270   520    1087.3 
 174    867270   520    1065.8 
 175    932270   520    1075.4 
 176    997270   520    1071.7 
 177   1062270   520    1078.8 
 178   1127270   520    1090.0 
 179   1192270   520    1084.4 
 180   1257270   520    1084.4 
 181        80   954    1127.9 
 182       160   957    1171.9 
 183       240   957    1196.0 
 184       320   958    1193.9 
 185       400   958    1211.0 
 186       480   956    1208.8 
 187       560   956    1220.2 
 188       640   956    1213.2 
 189       720   956    1208.7 
 190       800   956    1227.3 
 191       880   955    1215.3 
 192       960   957    1213.9 
 193      1040   956    1219.0 
 194      1120   957    1222.8 
 195      1200   956    1221.1 
 196      1280   956    1221.4 
 197      1360   955    1214.3 
 198      1440   955    1218.0 
 199      1520   956    1217.3 
 200      1600   955    1225.3 
 201      1680   953    1225.9 
 202      1760   953    1222.6 
 203      1840   954    1227.3 
 204      1920   953    1226.0 
 205      2000   954    1222.0 
 206      2080   955    1222.1 
 207      2160   951    1226.0 
 208      2240   953    1219.3 
 209      2320   952    1229.6 
 210      2400   953    1225.0 
 211      2480   953    1222.1 
 212      2560   954    1219.6 
 213      2640   953    1213.1 
 214      2720   953    1230.3 
 215      2800   951    1226.8 
 216      2880   953    1227.7 
 217      2960   951    1224.6 
 218      3040   950    1232.6 
 219      3120   950    1231.7 
 220      3200   952    1219.5 
 221      3280   952    1230.7 
 222      3360   950    1230.3 
 223      3440   950    1232.7 
 224      3520   949    1233.9 
 225      3600   950    1224.6 
 226      3680   949    1234.6 
 227      3760   951    1223.1 
 228      3840   950    1233.4 
 229      3920   950    1222.8 
 230      4000   950    1217.5 
 231      4080   950    1213.9 
 232      4160   949    1227.1 
 233      4240   951    1227.1 
 234      4320   950    1223.7 
 235      4400   948    1231.1 
 236      4480   948    1231.2 
 237      4560   949    1225.2 
 238      4640   947    1221.3 
 239      4720   950    1225.8 
 240      4800   950    1225.2 
 241      4880   949    1231.4 
 242      4960   948    1224.5 
 243      5040   947    1223.5 
 244      5120   949    1223.8 
 245      5200   948    1229.5 
 246      5280   946    1231.5 
 247      5360   945    1225.6 
 248      5440   947    1223.3 
 249      5520   946    1219.2 
 250      5600   947    1226.0 
 251      5680   945    1218.8 
 252      5760   945    1234.4 
 253      5840   946    1229.9 
 254      5920   945    1228.1 
 255      6000   947    1230.7 
 256      6080   945    1231.7 
 257      6160   946    1224.6 
 258      6240   946    1226.8 
 259      6320   944    1238.9 
 260      6400   945    1224.6 
 261      6480   945    1227.2 
 262      6560   944    1220.0 
 263      6640   944    1229.0 
 264      6720   944    1228.8 
 265      6800   944    1232.9 
 266      6880   945    1230.6 
 267      6960   944    1216.6 
 268      7040   943    1221.6 
 269      7120   944    1238.5 
 270      7200   944    1222.0 
 271      7280   944    1225.6 
 272      7360   943    1234.0 
 273      7440   943    1225.7 
 274      7520   944    1221.1 
 275      7600   941    1233.7 
 276      7680   943    1224.6 
 277      7760   944    1222.1 
 278      7840   943    1226.5 
 279      7920   944    1242.5 
 280      8000   942    1235.9 
 281      8080   942    1229.8 
 282      8160   942    1225.7 
 283      8240   943    1229.0 
 284      8320   943    1236.6 
 285      8400   941    1229.0 
 286      8480   941    1227.9 
 287      8560   942    1229.0 
 288      8640   941    1220.5 
 289      8720   943    1225.3 
 290      8800   943    1231.9 
 291      8880   941    1227.8 
 292      8960   943    1233.8 
 293      9040   941    1223.4 
 294      9120   942    1228.5 
 295      9200   941    1230.7 
 296      9280   941    1224.9 
 297      9360   941    1222.8 
 298      9440   942    1231.0 
 299      9520   941    1230.2 
 300      9600   941    1225.1 
 301      9680   941    1227.5 
 302      9760   940    1229.7 
 303      9840   941    1228.6 
 304      9920   940    1228.1 
 305     10000   941    1227.7 
 306     10080   940    1225.4 
 307     10160   939    1223.2 
 308     10240   941    1221.8 
 309     10320   940    1228.6 
 310     10400   940    1225.4 
 311     10480   938    1233.7 
 312     10560   937    1222.9 
 313     10640   939    1229.4 
 314     10720   939    1224.0 
 315     10800   939    1230.5 
 316     10880   939    1221.6 
 317     10960   938    1223.1 
 318     11040   941    1230.8 
 319     11120   939    1232.1 
 320     11200   939    1228.6 
 321     11280   940    1220.1 
 322     11360   939    1227.9 
 323     11440   939    1224.9 
 324     11520   940    1226.7 
 325     11600   939    1231.5 
 326     11680   936    1242.2 
 327     11760   939    1225.8 
 328     11840   938    1235.0 
 329     11920   937    1234.6 
 330     12000   939    1230.5 
 331     12080   937    1235.5 
 332     12160   938    1226.3 
 333     12240   936    1238.6 
 334     12320   936    1222.3 
 335     12400   937    1234.8 
 336     12480   938    1236.2 
 337     12560   938    1235.9 
 338     12640   938    1229.7 
 339     12720   937    1226.6 
 340     12800   937    1230.5 
 341     12880   936    1232.9 
 342     12960   937    1238.4 
 343     13040   936    1235.1 
 344     13120   937    1238.3 
 345     13200   935    1235.5 
 346     13280   937    1234.6 
 347     13360   935    1232.0 
 348     13440   936    1222.9 
 349     13520   937    1224.4 
 350     13600   937    1228.9 
 351     13680   939    1227.9 
 352     13760   935    1224.0 
 353     13840   936    1227.2 
 354     13920   935    1237.8 
 355     14000   937    1230.0 
 356     14080   935    1225.2 
 357     14160   936    1242.0 
 358     14240   935    1230.4 
 359     14320   935    1232.6 
 360     14400   935    1234.0 
 361     14480   938    1223.1 
 362     14560   937    1214.1 
 363     14640   936    1228.2 
 364     14720   935    1234.9 
 365     14800   935    1234.8 
 366     14880   936    1231.6 
 367     14960   934    1236.2 
 368     15040   935    1240.7 
 369     15120   933    1241.1 
 370     15200   936    1224.6 
 371     15280   937    1230.6 
 372     15360   936    1228.1 
 373     15440   935    1234.2 
 374     15520   936    1232.2 
 375     15600   935    1237.4 
 376     15680   934    1233.9 
 377     15760   934    1235.5 
 378     15840   934    1239.3 
 379     15920   935    1229.4 
 380     16000   935    1224.9 
 381     16080   934    1231.8 
 382     16160   934    1233.4 
 383     16240   934    1243.0 
 384     16320   936    1237.7 
 385     16400   934    1236.0 
 386     16480   935    1237.2 
 387     16560   934    1237.6 
 388     16640   935    1223.6 
 389     16720   935    1237.1 
 390     16800   934    1230.7 
 391     16880   934    1235.1 
 392     16960   935    1230.4 
 393     17040   935    1227.7 
 394     17120   934    1235.7 
 395     17200   935    1236.1 
 396     17280   935    1225.1 
 397     17360   934    1237.2 
 398     17440   936    1232.1 
 399     17520   935    1238.7 
 400     17600   935    1229.7 
 401     17680   936    1239.0 
 402     17760   934    1229.9 
 403     17840   933    1228.1 
 404     17920   934    1231.4 
 405     18000   933    1232.5 
 406     18080   935    1234.7 
 407     18160   934    1234.0 
 408     18240   935    1239.9 
 409     18320   935    1226.0 
 410     18400   933    1236.5 
 411     18480   934    1225.3 
 412     18560   934    1232.7 
 413     18640   933    1229.6 
 414     18720   934    1235.0 
 415     18800   932    1236.2 
 416     18880   933    1229.6 
 417     18960   935    1232.2 
 418     19040   934    1237.4 
 419     19120   935    1232.2 
 420     19200   933    1236.0 
 421     19280   935    1234.4 
 422     19360   934    1242.6 
 423     19440   934    1235.3 
 424     19520   933    1238.5 
 425     19600   933    1231.0 
 426     19680   933    1228.9 
 427     19760   935    1234.7 
 428     19840   933    1234.7 
 429     19920   934    1239.8 
 430     20000   933    1229.7 
 431       100   506    1192.7 
 432       200   507    1197.8 
 433       300   507    1209.3 
 434       400   509    1197.4 
 435       500   508    1195.1 
 436       600   509    1199.0 
 437       900   501    1186.0 
 438      1200   504    1180.4 
 439      1500   502    1190.0 
 440      2400   502    1163.9 
 441      3435   502    1170.3 
 442      4625   504    1156.7 
 443      5993   505    1168.9 
 444      7566   505    1139.6 
 445      9375   506    1151.0 
 446     11455   507    1143.0 
 447     13847   508    1140.4 
 448     16598   508    1133.7 
 449     19762   510    1124.9 
 450     23401   511    1116.8 
 451     27586   509    1110.4 
 452     32399   512    1108.4 
 453     37934   510    1105.5 
 454     44299   510    1104.1 
 455     51619   512    1116.6 
 456     60037   511    1092.6 
 457     69718   511    1106.5 
 458     80851   513    1092.8 
 459     93654   511    1109.8 
 460    108377   510    1107.3 
 461    125308   511    1102.9 
 462    144779   512    1102.0 
 463    167171   509    1093.9 
 464    192922   513    1081.7 
 465    222536   511    1113.1 
 466    256592   509    1103.3 
 467    295756   510    1097.6 
 468    340795   510    1098.6 
 469    392590   509    1098.2 
 470    452154   509    1075.0 
