PC/104 FIRe Fluorometer 1.3.6
12/ 6/2019      3165
LED Color: blue
Gain:1400
Sample Delay (msec):  1000
Number Samples:  10
STF (usec):  120
STRP (#samples):   60
STRI (usec):   60
MTF (ms):    20
MTF (#samples):   250
MTRP (#samples):   40
MTRI (usec):  100
PQLen:     4
Ambient Light Source Power: On
PAR (uMol/m^2/s):157.89
Num PAR Steps:    5
PAR Off Int (sec):    0
PAR On Int (sec):    0
Comment:

         Time    EX   Fl-Yield 
DATA--------------------------
   0         0     0       0.0 
   1         1   513     608.0 
   2         2   910     638.2 
   3         3   980     649.4 
   4         4   992     646.1 
   5         5   996     647.2 
   6         6   996     648.8 
   7         7   997     644.2 
   8         8   997     649.6 
   9         9   997     652.7 
  10        10   997     650.8 
  11        11   998     649.3 
  12        12   998     657.5 
  13        13   998     653.5 
  14        14   997     661.0 
  15        15   997     655.4 
  16        16   997     652.5 
  17        17   998     670.3 
  18        18   999     648.5 
  19        19   997     658.9 
  20        20   998     668.4 
  21        21   999     664.0 
  22        22   999     662.2 
  23        23   998     657.2 
  24        24   998     668.5 
  25        25   999     666.0 
  26        26   999     656.9 
  27        27   999     664.9 
  28        28   998     657.9 
  29        29   999     660.0 
  30        30  1000     658.3 
  31        31   998     659.6 
  32        32   998     669.7 
  33        33   998     662.2 
  34        34   999     660.9 
  35        35   997     664.0 
  36        36   997     665.6 
  37        37   999     663.0 
  38        38   998     668.3 
  39        39   999     663.9 
  40        40   999     665.1 
  41        41   999     668.9 
  42        42   999     663.2 
  43        43   999     666.9 
  44        44   999     666.6 
  45        45   999     671.0 
  46        46   998     669.5 
  47        47   998     668.4 
  48        48   998     673.1 
  49        49   998     667.4 
  50        50   998     666.3 
  51        51   998     671.3 
  52        52   999     665.0 
  53        53   998     665.8 
  54        54   998     668.2 
  55        55   998     669.2 
  56        56   998     666.8 
  57        57   998     667.7 
  58        58   999     668.5 
  59        59   999     672.9 
  60        60   998     675.0 
  61        61   997     672.3 
  62        62   997     664.9 
  63        63   998     672.6 
  64        64   998     675.1 
  65        65   998     674.7 
  66        66   998     678.2 
  67        67   999     670.7 
  68        68   998     672.8 
  69        69   998     668.0 
  70        70   998     672.9 
  71        71   999     662.3 
  72        72   999     671.9 
  73        73   997     671.8 
  74        74   999     672.9 
  75        75   998     669.8 
  76        76   999     674.6 
  77        77   997     674.2 
  78        78   998     679.4 
  79        79   998     677.3 
  80        80   998     672.6 
  81        81   998     676.3 
  82        82   998     675.3 
  83        83   998     669.9 
  84        84   998     668.5 
  85        85   998     667.0 
  86        86   998     673.1 
  87        87   998     673.7 
  88        88   998     679.1 
  89        89   998     669.8 
  90        90   998     676.3 
  91        91   998     667.5 
  92        92   998     679.0 
  93        93   998     671.8 
  94        94   998     674.2 
  95        95   998     675.2 
  96        96   998     674.6 
  97        97   998     669.3 
  98        98   998     676.9 
  99        99   998     678.0 
 100       100   998     674.9 
 101       101   998     663.6 
 102       102   998     674.7 
 103       103   998     675.1 
 104       104   998     671.6 
 105       105   998     672.1 
 106       106   998     674.9 
 107       107   998     669.6 
 108       108   998     676.0 
 109       109   998     669.1 
 110       110   998     672.8 
 111       111   998     668.3 
 112       112   998     672.9 
 113       113   998     674.6 
 114       114   998     675.4 
 115       115   998     675.7 
 116       116   998     676.3 
 117       117   998     673.0 
 118       118   998     672.8 
 119       119   998     676.0 
 120       120   998     676.0 
 121       180   554     636.6 
 122       240   554     644.4 
 123       300   553     625.0 
 124       360   551     640.1 
 125       420   553     641.2 
 126       480   551     632.8 
 127       540   552     635.5 
 128       600   551     613.2 
 129       780   550     624.4 
 130       960   547     637.7 
 131      1140   545     614.9 
 132      1320   548     598.0 
 133      1500   547     602.9 
 134      2040   544     612.9 
 135      2661   539     605.6 
 136      3375   540     598.3 
 137      4196   537     608.6 
 138      5140   536     608.0 
 139      6226   538     609.5 
 140      7475   537     601.7 
 141      8911   534     603.4 
 142     10562   533     616.9 
 143     12461   534     608.1 
 144     14645   530     614.3 
 145     17157   531     600.8 
 146     20046   530     608.9 
 147     23368   529     618.9 
 148     27188   528     610.8 
 149     31581   528     612.3 
 150     36633   528     612.7 
 151     42443   526     612.2 
 152     49125   525     611.6 
 153     56809   527     598.5 
 154     65646   524     603.4 
 155     75809   525     606.1 
 156     87496   525     605.9 
 157    100936   522     618.2 
 158    116392   521     606.0 
 159    134166   520     605.0 
 160    154606   520     601.2 
 161    178112   520     592.9 
 162    205144   520     613.7 
 163    236231   520     598.5 
 164    271981   520     594.6 
 165    313093   520     609.8 
 166    360372   520     605.8 
 167    414743   520     606.2 
 168    477270   520     597.9 
 169    542270   520     611.9 
 170    607270   520     609.6 
 171    672270   520     610.8 
 172    737270   520     598.5 
 173    802270   520     595.8 
 174    867270   520     596.3 
 175    932270   520     596.0 
 176    997270   520     596.5 
 177   1062270   520     602.3 
 178   1127270   520     605.6 
 179   1192270   520     603.7 
 180   1257270   520     603.7 
 181        80   954     642.7 
 182       160   957     653.0 
 183       240   957     662.2 
 184       320   958     669.9 
 185       400   958     659.8 
 186       480   956     667.3 
 187       560   956     669.0 
 188       640   956     669.5 
 189       720   956     668.5 
 190       800   956     665.8 
 191       880   955     672.0 
 192       960   957     666.4 
 193      1040   956     667.7 
 194      1120   957     668.1 
 195      1200   956     671.7 
 196      1280   956     669.2 
 197      1360   955     667.4 
 198      1440   955     673.2 
 199      1520   956     665.3 
 200      1600   955     669.7 
 201      1680   953     670.5 
 202      1760   953     671.9 
 203      1840   954     670.9 
 204      1920   953     670.4 
 205      2000   954     678.3 
 206      2080   955     673.0 
 207      2160   951     668.3 
 208      2240   953     668.7 
 209      2320   952     676.8 
 210      2400   953     673.0 
 211      2480   953     666.4 
 212      2560   954     671.1 
 213      2640   953     674.2 
 214      2720   953     676.3 
 215      2800   951     676.8 
 216      2880   953     670.6 
 217      2960   951     673.7 
 218      3040   950     678.3 
 219      3120   950     672.3 
 220      3200   952     665.4 
 221      3280   952     667.8 
 222      3360   950     672.5 
 223      3440   950     683.1 
 224      3520   949     675.2 
 225      3600   950     672.7 
 226      3680   949     678.6 
 227      3760   951     674.4 
 228      3840   950     665.8 
 229      3920   950     668.2 
 230      4000   950     671.1 
 231      4080   950     676.6 
 232      4160   949     668.4 
 233      4240   951     669.3 
 234      4320   950     675.4 
 235      4400   948     669.4 
 236      4480   948     673.3 
 237      4560   949     677.0 
 238      4640   947     670.2 
 239      4720   950     662.6 
 240      4800   950     668.5 
 241      4880   949     662.0 
 242      4960   948     674.2 
 243      5040   947     669.3 
 244      5120   949     671.9 
 245      5200   948     669.0 
 246      5280   946     674.1 
 247      5360   945     671.7 
 248      5440   947     675.4 
 249      5520   946     672.6 
 250      5600   947     673.8 
 251      5680   945     671.1 
 252      5760   945     673.3 
 253      5840   946     671.1 
 254      5920   945     672.1 
 255      6000   947     671.7 
 256      6080   945     668.9 
 257      6160   946     672.0 
 258      6240   946     671.1 
 259      6320   944     674.7 
 260      6400   945     674.4 
 261      6480   945     671.1 
 262      6560   944     676.9 
 263      6640   944     677.3 
 264      6720   944     669.9 
 265      6800   944     669.8 
 266      6880   945     669.2 
 267      6960   944     672.2 
 268      7040   943     674.1 
 269      7120   944     669.1 
 270      7200   944     675.3 
 271      7280   944     666.9 
 272      7360   943     672.6 
 273      7440   943     673.0 
 274      7520   944     670.7 
 275      7600   941     677.7 
 276      7680   943     676.4 
 277      7760   944     665.5 
 278      7840   943     675.7 
 279      7920   944     668.3 
 280      8000   942     672.8 
 281      8080   942     670.0 
 282      8160   942     669.2 
 283      8240   943     671.8 
 284      8320   943     668.9 
 285      8400   941     665.2 
 286      8480   941     673.6 
 287      8560   942     674.8 
 288      8640   941     673.1 
 289      8720   943     672.9 
 290      8800   943     669.1 
 291      8880   941     675.2 
 292      8960   943     669.6 
 293      9040   941     672.8 
 294      9120   942     662.1 
 295      9200   941     665.6 
 296      9280   941     675.5 
 297      9360   941     673.0 
 298      9440   942     667.1 
 299      9520   941     671.7 
 300      9600   941     669.7 
 301      9680   941     667.6 
 302      9760   940     669.0 
 303      9840   941     679.3 
 304      9920   940     668.4 
 305     10000   941     671.2 
 306     10080   940     671.5 
 307     10160   939     667.5 
 308     10240   941     668.7 
 309     10320   940     667.0 
 310     10400   940     671.8 
 311     10480   938     672.4 
 312     10560   937     671.7 
 313     10640   939     671.9 
 314     10720   939     671.7 
 315     10800   939     679.3 
 316     10880   939     668.8 
 317     10960   938     667.2 
 318     11040   941     666.0 
 319     11120   939     670.1 
 320     11200   939     671.0 
 321     11280   940     667.4 
 322     11360   939     666.8 
 323     11440   939     666.5 
 324     11520   940     673.5 
 325     11600   939     669.5 
 326     11680   936     672.3 
 327     11760   939     669.0 
 328     11840   938     672.3 
 329     11920   937     672.1 
 330     12000   939     672.8 
 331     12080   937     670.8 
 332     12160   938     669.7 
 333     12240   936     676.2 
 334     12320   936     669.7 
 335     12400   937     678.8 
 336     12480   938     668.9 
 337     12560   938     669.5 
 338     12640   938     671.2 
 339     12720   937     666.9 
 340     12800   937     661.4 
 341     12880   936     661.6 
 342     12960   937     669.3 
 343     13040   936     668.6 
 344     13120   937     676.9 
 345     13200   935     668.2 
 346     13280   937     664.8 
 347     13360   935     669.0 
 348     13440   936     668.5 
 349     13520   937     667.3 
 350     13600   937     665.0 
 351     13680   939     669.1 
 352     13760   935     671.7 
 353     13840   936     664.9 
 354     13920   935     666.8 
 355     14000   937     665.1 
 356     14080   935     673.8 
 357     14160   936     670.5 
 358     14240   935     664.5 
 359     14320   935     675.8 
 360     14400   935     675.9 
 361     14480   938     672.8 
 362     14560   937     668.6 
 363     14640   936     677.6 
 364     14720   935     668.2 
 365     14800   935     667.0 
 366     14880   936     667.1 
 367     14960   934     669.1 
 368     15040   935     669.7 
 369     15120   933     673.1 
 370     15200   936     661.9 
 371     15280   937     667.9 
 372     15360   936     668.9 
 373     15440   935     673.2 
 374     15520   936     673.5 
 375     15600   935     668.7 
 376     15680   934     673.1 
 377     15760   934     671.6 
 378     15840   934     676.2 
 379     15920   935     678.7 
 380     16000   935     669.0 
 381     16080   934     670.1 
 382     16160   934     673.4 
 383     16240   934     679.6 
 384     16320   936     674.4 
 385     16400   934     668.1 
 386     16480   935     663.3 
 387     16560   934     671.9 
 388     16640   935     666.5 
 389     16720   935     669.2 
 390     16800   934     670.4 
 391     16880   934     669.8 
 392     16960   935     666.5 
 393     17040   935     672.4 
 394     17120   934     671.2 
 395     17200   935     663.4 
 396     17280   935     669.1 
 397     17360   934     670.4 
 398     17440   936     665.3 
 399     17520   935     662.5 
 400     17600   935     668.9 
 401     17680   936     665.4 
 402     17760   934     671.4 
 403     17840   933     673.3 
 404     17920   934     666.4 
 405     18000   933     666.7 
 406     18080   935     676.6 
 407     18160   934     666.3 
 408     18240   935     669.8 
 409     18320   935     676.0 
 410     18400   933     672.2 
 411     18480   934     673.3 
 412     18560   934     669.3 
 413     18640   933     668.1 
 414     18720   934     673.4 
 415     18800   932     668.8 
 416     18880   933     673.4 
 417     18960   935     659.8 
 418     19040   934     671.0 
 419     19120   935     670.5 
 420     19200   933     670.7 
 421     19280   935     666.2 
 422     19360   934     668.3 
 423     19440   934     662.0 
 424     19520   933     673.8 
 425     19600   933     671.7 
 426     19680   933     670.4 
 427     19760   935     668.2 
 428     19840   933     668.2 
 429     19920   934     670.7 
 430     20000   933     672.0 
 431       100   506     642.3 
 432       200   507     635.5 
 433       300   507     636.7 
 434       400   509     630.8 
 435       500   508     628.3 
 436       600   509     627.5 
 437       900   501     631.7 
 438      1200   504     631.7 
 439      1500   502     630.3 
 440      2400   502     611.6 
 441      3435   502     607.8 
 442      4625   504     616.5 
 443      5993   505     613.3 
 444      7566   505     612.5 
 445      9375   506     625.1 
 446     11455   507     628.6 
 447     13847   508     624.0 
 448     16598   508     612.0 
 449     19762   510     612.9 
 450     23401   511     611.4 
 451     27586   509     616.9 
 452     32399   512     615.0 
 453     37934   510     626.1 
 454     44299   510     612.4 
 455     51619   512     613.1 
 456     60037   511     619.4 
 457     69718   511     598.2 
 458     80851   513     618.5 
 459     93654   511     606.1 
 460    108377   510     609.6 
 461    125308   511     615.7 
 462    144779   512     617.0 
 463    167171   509     614.7 
 464    192922   513     611.7 
 465    222536   511     598.6 
 466    256592   509     610.0 
 467    295756   510     610.4 
 468    340795   510     598.4 
 469    392590   509     607.5 
 470    452154   509     618.7 
