PC/104 FIRe Fluorometer 1.3.6
12/ 6/2019      2924
LED Color: blue
Gain:1400
Sample Delay (msec):  1000
Number Samples:  10
STF (usec):  120
STRP (#samples):   60
STRI (usec):   60
MTF (ms):    20
MTF (#samples):   250
MTRP (#samples):   40
MTRI (usec):  100
PQLen:     4
Ambient Light Source Power: On
PAR (uMol/m^2/s): 63.16
Num PAR Steps:   14
PAR Off Int (sec):    0
PAR On Int (sec):    0
Comment:

         Time    EX   Fl-Yield 
DATA--------------------------
   0         0     0       0.0 
   1         1   513    1051.1 
   2         2   910    1066.7 
   3         3   980    1072.9 
   4         4   992    1081.9 
   5         5   996    1081.4 
   6         6   996    1076.0 
   7         7   997    1076.7 
   8         8   997    1088.8 
   9         9   997    1087.6 
  10        10   997    1088.6 
  11        11   998    1095.7 
  12        12   998    1098.6 
  13        13   998    1100.2 
  14        14   997    1102.9 
  15        15   997    1108.3 
  16        16   997    1096.3 
  17        17   998    1093.2 
  18        18   999    1098.9 
  19        19   997    1104.7 
  20        20   998    1104.5 
  21        21   999    1106.6 
  22        22   999    1107.8 
  23        23   998    1103.4 
  24        24   998    1115.8 
  25        25   999    1111.1 
  26        26   999    1108.7 
  27        27   999    1114.6 
  28        28   998    1118.2 
  29        29   999    1114.9 
  30        30  1000    1111.3 
  31        31   998    1118.3 
  32        32   998    1116.8 
  33        33   998    1120.3 
  34        34   999    1112.5 
  35        35   997    1112.8 
  36        36   997    1116.9 
  37        37   999    1122.2 
  38        38   998    1114.1 
  39        39   999    1118.8 
  40        40   999    1121.5 
  41        41   999    1123.9 
  42        42   999    1127.3 
  43        43   999    1114.8 
  44        44   999    1130.4 
  45        45   999    1118.9 
  46        46   998    1118.4 
  47        47   998    1122.7 
  48        48   998    1116.9 
  49        49   998    1124.0 
  50        50   998    1118.6 
  51        51   998    1123.8 
  52        52   999    1121.0 
  53        53   998    1127.8 
  54        54   998    1127.9 
  55        55   998    1124.8 
  56        56   998    1123.1 
  57        57   998    1125.5 
  58        58   999    1122.8 
  59        59   999    1124.7 
  60        60   998    1130.2 
  61        61   997    1128.3 
  62        62   997    1129.2 
  63        63   998    1128.3 
  64        64   998    1124.7 
  65        65   998    1127.5 
  66        66   998    1126.7 
  67        67   999    1130.7 
  68        68   998    1123.7 
  69        69   998    1134.9 
  70        70   998    1129.2 
  71        71   999    1122.0 
  72        72   999    1129.4 
  73        73   997    1122.1 
  74        74   999    1120.7 
  75        75   998    1132.3 
  76        76   999    1131.1 
  77        77   997    1139.7 
  78        78   998    1129.3 
  79        79   998    1133.0 
  80        80   998    1129.6 
  81        81   998    1129.7 
  82        82   998    1131.5 
  83        83   998    1124.3 
  84        84   998    1122.7 
  85        85   998    1127.0 
  86        86   998    1127.3 
  87        87   998    1129.4 
  88        88   998    1125.8 
  89        89   998    1125.3 
  90        90   998    1131.7 
  91        91   998    1130.9 
  92        92   998    1125.1 
  93        93   998    1128.2 
  94        94   998    1130.8 
  95        95   998    1138.8 
  96        96   998    1132.3 
  97        97   998    1128.7 
  98        98   998    1133.6 
  99        99   998    1131.8 
 100       100   998    1129.9 
 101       101   998    1127.1 
 102       102   998    1131.6 
 103       103   998    1129.1 
 104       104   998    1140.5 
 105       105   998    1136.2 
 106       106   998    1133.5 
 107       107   998    1122.3 
 108       108   998    1130.6 
 109       109   998    1133.0 
 110       110   998    1121.8 
 111       111   998    1133.9 
 112       112   998    1129.4 
 113       113   998    1133.7 
 114       114   998    1134.7 
 115       115   998    1130.2 
 116       116   998    1130.4 
 117       117   998    1132.6 
 118       118   998    1127.6 
 119       119   998    1128.3 
 120       120   998    1128.3 
 121       180   554    1090.8 
 122       240   554    1110.6 
 123       300   553    1097.6 
 124       360   551    1103.8 
 125       420   553    1100.0 
 126       480   551    1092.6 
 127       540   552    1078.4 
 128       600   551    1076.6 
 129       780   550    1064.2 
 130       960   547    1062.9 
 131      1140   545    1070.6 
 132      1320   548    1046.7 
 133      1500   547    1041.7 
 134      2040   544    1046.9 
 135      2661   539    1033.8 
 136      3375   540    1030.0 
 137      4196   537    1026.8 
 138      5140   536    1041.4 
 139      6226   538    1031.8 
 140      7475   537    1027.9 
 141      8911   534    1021.5 
 142     10562   533    1032.1 
 143     12461   534    1027.2 
 144     14645   530    1033.6 
 145     17157   531    1020.3 
 146     20046   530    1016.6 
 147     23368   529    1023.4 
 148     27188   528    1019.7 
 149     31581   528    1035.0 
 150     36633   528    1023.3 
 151     42443   526    1036.1 
 152     49125   525    1033.7 
 153     56809   527    1022.0 
 154     65646   524    1013.5 
 155     75809   525    1012.2 
 156     87496   525    1005.1 
 157    100936   522    1023.9 
 158    116392   521    1021.7 
 159    134166   520    1030.8 
 160    154606   520    1038.1 
 161    178112   520    1012.3 
 162    205144   520    1018.1 
 163    236231   520    1019.8 
 164    271981   520    1033.8 
 165    313093   520    1021.7 
 166    360372   520    1013.3 
 167    414743   520    1015.2 
 168    477270   520    1015.0 
 169    542270   520    1012.5 
 170    607270   520    1022.3 
 171    672270   520    1034.8 
 172    737270   520    1015.2 
 173    802270   520    1016.5 
 174    867270   520     996.7 
 175    932270   520    1020.2 
 176    997270   520    1018.8 
 177   1062270   520     999.6 
 178   1127270   520    1009.6 
 179   1192270   520    1013.5 
 180   1257270   520    1013.5 
 181        80   954    1074.7 
 182       160   957    1106.8 
 183       240   957    1108.0 
 184       320   958    1123.6 
 185       400   958    1131.9 
 186       480   956    1138.5 
 187       560   956    1132.8 
 188       640   956    1143.3 
 189       720   956    1138.8 
 190       800   956    1143.2 
 191       880   955    1141.2 
 192       960   957    1146.7 
 193      1040   956    1141.3 
 194      1120   957    1147.0 
 195      1200   956    1140.9 
 196      1280   956    1135.1 
 197      1360   955    1146.9 
 198      1440   955    1141.6 
 199      1520   956    1151.6 
 200      1600   955    1146.3 
 201      1680   953    1157.5 
 202      1760   953    1144.6 
 203      1840   954    1150.8 
 204      1920   953    1157.4 
 205      2000   954    1144.3 
 206      2080   955    1147.1 
 207      2160   951    1153.8 
 208      2240   953    1139.2 
 209      2320   952    1154.7 
 210      2400   953    1150.2 
 211      2480   953    1159.6 
 212      2560   954    1151.7 
 213      2640   953    1153.7 
 214      2720   953    1146.3 
 215      2800   951    1146.8 
 216      2880   953    1145.2 
 217      2960   951    1156.4 
 218      3040   950    1145.9 
 219      3120   950    1145.8 
 220      3200   952    1149.9 
 221      3280   952    1145.5 
 222      3360   950    1144.9 
 223      3440   950    1154.6 
 224      3520   949    1149.3 
 225      3600   950    1146.6 
 226      3680   949    1146.6 
 227      3760   951    1147.3 
 228      3840   950    1144.4 
 229      3920   950    1147.6 
 230      4000   950    1139.4 
 231      4080   950    1150.5 
 232      4160   949    1144.4 
 233      4240   951    1150.3 
 234      4320   950    1150.7 
 235      4400   948    1152.6 
 236      4480   948    1149.3 
 237      4560   949    1150.7 
 238      4640   947    1144.9 
 239      4720   950    1146.7 
 240      4800   950    1143.2 
 241      4880   949    1149.8 
 242      4960   948    1143.8 
 243      5040   947    1141.5 
 244      5120   949    1151.0 
 245      5200   948    1148.7 
 246      5280   946    1146.7 
 247      5360   945    1148.4 
 248      5440   947    1156.5 
 249      5520   946    1144.9 
 250      5600   947    1149.4 
 251      5680   945    1146.5 
 252      5760   945    1154.5 
 253      5840   946    1152.6 
 254      5920   945    1159.7 
 255      6000   947    1149.4 
 256      6080   945    1151.5 
 257      6160   946    1152.0 
 258      6240   946    1142.3 
 259      6320   944    1153.2 
 260      6400   945    1151.7 
 261      6480   945    1148.4 
 262      6560   944    1147.9 
 263      6640   944    1150.2 
 264      6720   944    1148.1 
 265      6800   944    1149.6 
 266      6880   945    1149.0 
 267      6960   944    1153.4 
 268      7040   943    1153.6 
 269      7120   944    1154.9 
 270      7200   944    1150.6 
 271      7280   944    1154.2 
 272      7360   943    1149.0 
 273      7440   943    1156.1 
 274      7520   944    1148.5 
 275      7600   941    1156.9 
 276      7680   943    1156.3 
 277      7760   944    1143.1 
 278      7840   943    1153.6 
 279      7920   944    1159.0 
 280      8000   942    1159.3 
 281      8080   942    1144.8 
 282      8160   942    1147.8 
 283      8240   943    1144.1 
 284      8320   943    1140.0 
 285      8400   941    1145.0 
 286      8480   941    1151.1 
 287      8560   942    1145.8 
 288      8640   941    1154.1 
 289      8720   943    1152.8 
 290      8800   943    1153.2 
 291      8880   941    1154.2 
 292      8960   943    1157.6 
 293      9040   941    1153.5 
 294      9120   942    1154.1 
 295      9200   941    1156.6 
 296      9280   941    1151.5 
 297      9360   941    1146.4 
 298      9440   942    1150.8 
 299      9520   941    1146.8 
 300      9600   941    1136.1 
 301      9680   941    1153.0 
 302      9760   940    1137.8 
 303      9840   941    1142.4 
 304      9920   940    1150.7 
 305     10000   941    1148.8 
 306     10080   940    1150.2 
 307     10160   939    1142.2 
 308     10240   941    1148.4 
 309     10320   940    1148.8 
 310     10400   940    1153.5 
 311     10480   938    1156.5 
 312     10560   937    1162.9 
 313     10640   939    1151.8 
 314     10720   939    1148.0 
 315     10800   939    1152.1 
 316     10880   939    1152.9 
 317     10960   938    1151.4 
 318     11040   941    1147.5 
 319     11120   939    1144.9 
 320     11200   939    1146.5 
 321     11280   940    1148.4 
 322     11360   939    1147.8 
 323     11440   939    1152.6 
 324     11520   940    1142.0 
 325     11600   939    1155.0 
 326     11680   936    1148.6 
 327     11760   939    1156.2 
 328     11840   938    1158.6 
 329     11920   937    1155.4 
 330     12000   939    1146.5 
 331     12080   937    1150.9 
 332     12160   938    1148.2 
 333     12240   936    1152.4 
 334     12320   936    1147.0 
 335     12400   937    1145.3 
 336     12480   938    1143.5 
 337     12560   938    1149.0 
 338     12640   938    1157.7 
 339     12720   937    1146.7 
 340     12800   937    1144.5 
 341     12880   936    1149.8 
 342     12960   937    1148.5 
 343     13040   936    1152.4 
 344     13120   937    1138.1 
 345     13200   935    1142.7 
 346     13280   937    1150.3 
 347     13360   935    1149.3 
 348     13440   936    1146.0 
 349     13520   937    1144.2 
 350     13600   937    1151.7 
 351     13680   939    1141.0 
 352     13760   935    1154.2 
 353     13840   936    1152.8 
 354     13920   935    1152.2 
 355     14000   937    1142.2 
 356     14080   935    1152.6 
 357     14160   936    1150.6 
 358     14240   935    1162.4 
 359     14320   935    1153.9 
 360     14400   935    1145.5 
 361     14480   938    1146.2 
 362     14560   937    1144.3 
 363     14640   936    1146.6 
 364     14720   935    1149.1 
 365     14800   935    1147.7 
 366     14880   936    1152.7 
 367     14960   934    1156.4 
 368     15040   935    1156.8 
 369     15120   933    1157.3 
 370     15200   936    1145.3 
 371     15280   937    1153.5 
 372     15360   936    1156.5 
 373     15440   935    1154.0 
 374     15520   936    1152.8 
 375     15600   935    1151.0 
 376     15680   934    1146.0 
 377     15760   934    1151.5 
 378     15840   934    1156.7 
 379     15920   935    1149.4 
 380     16000   935    1160.7 
 381     16080   934    1145.7 
 382     16160   934    1158.6 
 383     16240   934    1150.4 
 384     16320   936    1149.7 
 385     16400   934    1153.9 
 386     16480   935    1148.3 
 387     16560   934    1147.6 
 388     16640   935    1154.4 
 389     16720   935    1153.5 
 390     16800   934    1149.1 
 391     16880   934    1151.5 
 392     16960   935    1151.6 
 393     17040   935    1161.6 
 394     17120   934    1148.5 
 395     17200   935    1152.6 
 396     17280   935    1139.0 
 397     17360   934    1150.6 
 398     17440   936    1144.7 
 399     17520   935    1155.5 
 400     17600   935    1170.8 
 401     17680   936    1154.7 
 402     17760   934    1145.2 
 403     17840   933    1147.1 
 404     17920   934    1147.5 
 405     18000   933    1147.8 
 406     18080   935    1151.3 
 407     18160   934    1147.1 
 408     18240   935    1151.0 
 409     18320   935    1162.8 
 410     18400   933    1157.1 
 411     18480   934    1146.0 
 412     18560   934    1144.3 
 413     18640   933    1160.0 
 414     18720   934    1153.9 
 415     18800   932    1144.6 
 416     18880   933    1150.3 
 417     18960   935    1145.8 
 418     19040   934    1149.6 
 419     19120   935    1147.3 
 420     19200   933    1150.6 
 421     19280   935    1143.9 
 422     19360   934    1153.2 
 423     19440   934    1151.6 
 424     19520   933    1155.9 
 425     19600   933    1151.8 
 426     19680   933    1164.8 
 427     19760   935    1142.0 
 428     19840   933    1157.6 
 429     19920   934    1150.3 
 430     20000   933    1153.8 
 431       100   506    1112.3 
 432       200   507    1111.8 
 433       300   507    1120.3 
 434       400   509    1111.0 
 435       500   508    1093.9 
 436       600   509    1104.3 
 437       900   501    1103.8 
 438      1200   504    1103.2 
 439      1500   502    1097.4 
 440      2400   502    1068.1 
 441      3435   502    1076.9 
 442      4625   504    1080.8 
 443      5993   505    1073.3 
 444      7566   505    1061.2 
 445      9375   506    1067.8 
 446     11455   507    1055.2 
 447     13847   508    1062.0 
 448     16598   508    1063.0 
 449     19762   510    1043.5 
 450     23401   511    1049.9 
 451     27586   509    1046.4 
 452     32399   512    1036.9 
 453     37934   510    1027.6 
 454     44299   510    1042.0 
 455     51619   512    1053.1 
 456     60037   511    1031.9 
 457     69718   511    1022.3 
 458     80851   513    1025.9 
 459     93654   511    1029.9 
 460    108377   510    1036.5 
 461    125308   511    1035.0 
 462    144779   512    1035.4 
 463    167171   509    1031.4 
 464    192922   513    1029.4 
 465    222536   511    1031.7 
 466    256592   509    1026.5 
 467    295756   510    1039.2 
 468    340795   510    1026.5 
 469    392590   509    1021.6 
 470    452154   509    1048.1 
