PC/104 FIRe Fluorometer 1.3.6
12/ 6/2019      3272
LED Color: blue
Gain:1400
Sample Delay (msec):  1000
Number Samples:  10
STF (usec):  120
STRP (#samples):   60
STRI (usec):   60
MTF (ms):    20
MTF (#samples):   250
MTRP (#samples):   40
MTRI (usec):  100
PQLen:     4
Ambient Light Source Power: On
PAR (uMol/m^2/s):200.00
Num PAR Steps:    1
PAR Off Int (sec):    0
PAR On Int (sec):    0
Comment:

         Time    EX   Fl-Yield 
DATA--------------------------
   0         0     0       0.0 
   1         1   513     527.9 
   2         2   910     554.5 
   3         3   980     554.7 
   4         4   992     558.9 
   5         5   996     551.2 
   6         6   996     553.1 
   7         7   997     561.0 
   8         8   997     559.8 
   9         9   997     558.6 
  10        10   997     568.2 
  11        11   998     554.5 
  12        12   998     560.2 
  13        13   998     561.9 
  14        14   997     561.3 
  15        15   997     563.3 
  16        16   997     568.5 
  17        17   998     555.1 
  18        18   999     557.5 
  19        19   997     565.2 
  20        20   998     570.7 
  21        21   999     568.3 
  22        22   999     562.2 
  23        23   998     562.1 
  24        24   998     569.7 
  25        25   999     567.2 
  26        26   999     569.8 
  27        27   999     576.1 
  28        28   998     574.1 
  29        29   999     567.1 
  30        30  1000     570.0 
  31        31   998     567.4 
  32        32   998     576.4 
  33        33   998     569.4 
  34        34   999     572.6 
  35        35   997     572.3 
  36        36   997     573.3 
  37        37   999     574.6 
  38        38   998     567.1 
  39        39   999     563.1 
  40        40   999     571.5 
  41        41   999     573.1 
  42        42   999     572.5 
  43        43   999     566.0 
  44        44   999     573.5 
  45        45   999     566.3 
  46        46   998     566.4 
  47        47   998     579.0 
  48        48   998     566.5 
  49        49   998     570.0 
  50        50   998     570.8 
  51        51   998     571.7 
  52        52   999     566.9 
  53        53   998     571.6 
  54        54   998     569.0 
  55        55   998     569.9 
  56        56   998     569.5 
  57        57   998     568.1 
  58        58   999     569.7 
  59        59   999     569.4 
  60        60   998     573.6 
  61        61   997     575.8 
  62        62   997     570.2 
  63        63   998     574.2 
  64        64   998     573.6 
  65        65   998     569.8 
  66        66   998     568.2 
  67        67   999     570.8 
  68        68   998     577.2 
  69        69   998     575.6 
  70        70   998     568.3 
  71        71   999     570.8 
  72        72   999     576.1 
  73        73   997     570.9 
  74        74   999     570.2 
  75        75   998     574.6 
  76        76   999     575.4 
  77        77   997     574.9 
  78        78   998     570.1 
  79        79   998     568.4 
  80        80   998     571.1 
  81        81   998     573.3 
  82        82   998     572.6 
  83        83   998     579.1 
  84        84   998     570.4 
  85        85   998     568.3 
  86        86   998     579.2 
  87        87   998     575.3 
  88        88   998     571.8 
  89        89   998     573.7 
  90        90   998     576.5 
  91        91   998     576.1 
  92        92   998     577.7 
  93        93   998     578.5 
  94        94   998     577.8 
  95        95   998     577.3 
  96        96   998     576.5 
  97        97   998     573.7 
  98        98   998     575.5 
  99        99   998     565.4 
 100       100   998     573.7 
 101       101   998     574.5 
 102       102   998     570.2 
 103       103   998     570.3 
 104       104   998     576.3 
 105       105   998     571.8 
 106       106   998     577.2 
 107       107   998     578.9 
 108       108   998     577.5 
 109       109   998     571.0 
 110       110   998     575.7 
 111       111   998     578.4 
 112       112   998     580.0 
 113       113   998     577.1 
 114       114   998     576.2 
 115       115   998     576.6 
 116       116   998     573.6 
 117       117   998     576.6 
 118       118   998     571.8 
 119       119   998     576.3 
 120       120   998     576.3 
 121       180   554     546.9 
 122       240   554     535.9 
 123       300   553     538.2 
 124       360   551     536.3 
 125       420   553     537.3 
 126       480   551     545.9 
 127       540   552     535.7 
 128       600   551     535.0 
 129       780   550     524.9 
 130       960   547     527.4 
 131      1140   545     536.1 
 132      1320   548     531.8 
 133      1500   547     517.7 
 134      2040   544     522.8 
 135      2661   539     517.4 
 136      3375   540     508.0 
 137      4196   537     516.9 
 138      5140   536     504.5 
 139      6226   538     522.7 
 140      7475   537     519.4 
 141      8911   534     517.6 
 142     10562   533     509.0 
 143     12461   534     510.1 
 144     14645   530     528.1 
 145     17157   531     521.1 
 146     20046   530     523.8 
 147     23368   529     520.6 
 148     27188   528     540.5 
 149     31581   528     517.4 
 150     36633   528     519.5 
 151     42443   526     516.5 
 152     49125   525     514.3 
 153     56809   527     516.5 
 154     65646   524     521.9 
 155     75809   525     533.1 
 156     87496   525     515.6 
 157    100936   522     521.1 
 158    116392   521     509.8 
 159    134166   520     531.9 
 160    154606   520     517.5 
 161    178112   520     532.7 
 162    205144   520     534.0 
 163    236231   520     518.1 
 164    271981   520     507.1 
 165    313093   520     513.1 
 166    360372   520     501.5 
 167    414743   520     510.8 
 168    477270   520     519.8 
 169    542270   520     508.5 
 170    607270   520     518.7 
 171    672270   520     510.6 
 172    737270   520     518.1 
 173    802270   520     511.3 
 174    867270   520     506.2 
 175    932270   520     512.7 
 176    997270   520     517.7 
 177   1062270   520     521.5 
 178   1127270   520     518.1 
 179   1192270   520     501.9 
 180   1257270   520     501.9 
 181        80   954     557.2 
 182       160   957     563.9 
 183       240   957     560.3 
 184       320   958     570.4 
 185       400   958     568.0 
 186       480   956     570.3 
 187       560   956     576.8 
 188       640   956     568.4 
 189       720   956     573.6 
 190       800   956     569.9 
 191       880   955     574.9 
 192       960   957     570.5 
 193      1040   956     566.7 
 194      1120   957     571.2 
 195      1200   956     569.9 
 196      1280   956     568.3 
 197      1360   955     575.0 
 198      1440   955     570.9 
 199      1520   956     573.5 
 200      1600   955     573.5 
 201      1680   953     576.5 
 202      1760   953     582.2 
 203      1840   954     576.9 
 204      1920   953     568.9 
 205      2000   954     574.9 
 206      2080   955     574.8 
 207      2160   951     576.9 
 208      2240   953     571.8 
 209      2320   952     568.6 
 210      2400   953     577.5 
 211      2480   953     574.4 
 212      2560   954     573.6 
 213      2640   953     571.9 
 214      2720   953     576.2 
 215      2800   951     578.0 
 216      2880   953     571.9 
 217      2960   951     574.6 
 218      3040   950     581.7 
 219      3120   950     576.5 
 220      3200   952     572.5 
 221      3280   952     573.5 
 222      3360   950     576.4 
 223      3440   950     575.9 
 224      3520   949     573.6 
 225      3600   950     570.5 
 226      3680   949     580.5 
 227      3760   951     576.0 
 228      3840   950     575.2 
 229      3920   950     571.5 
 230      4000   950     570.1 
 231      4080   950     566.7 
 232      4160   949     574.4 
 233      4240   951     569.7 
 234      4320   950     574.4 
 235      4400   948     578.6 
 236      4480   948     573.7 
 237      4560   949     578.5 
 238      4640   947     570.7 
 239      4720   950     579.6 
 240      4800   950     578.6 
 241      4880   949     574.2 
 242      4960   948     575.5 
 243      5040   947     575.0 
 244      5120   949     577.1 
 245      5200   948     574.2 
 246      5280   946     575.1 
 247      5360   945     575.2 
 248      5440   947     569.6 
 249      5520   946     573.8 
 250      5600   947     576.2 
 251      5680   945     574.2 
 252      5760   945     568.4 
 253      5840   946     571.7 
 254      5920   945     567.2 
 255      6000   947     578.4 
 256      6080   945     577.5 
 257      6160   946     579.7 
 258      6240   946     567.4 
 259      6320   944     580.9 
 260      6400   945     574.6 
 261      6480   945     571.4 
 262      6560   944     568.5 
 263      6640   944     567.5 
 264      6720   944     573.3 
 265      6800   944     576.2 
 266      6880   945     569.2 
 267      6960   944     581.6 
 268      7040   943     577.7 
 269      7120   944     568.8 
 270      7200   944     580.0 
 271      7280   944     574.0 
 272      7360   943     577.1 
 273      7440   943     578.4 
 274      7520   944     569.0 
 275      7600   941     567.4 
 276      7680   943     575.7 
 277      7760   944     572.4 
 278      7840   943     577.5 
 279      7920   944     579.1 
 280      8000   942     576.2 
 281      8080   942     579.7 
 282      8160   942     576.8 
 283      8240   943     569.9 
 284      8320   943     567.7 
 285      8400   941     572.4 
 286      8480   941     573.3 
 287      8560   942     574.8 
 288      8640   941     577.7 
 289      8720   943     570.7 
 290      8800   943     572.3 
 291      8880   941     577.9 
 292      8960   943     572.9 
 293      9040   941     572.9 
 294      9120   942     576.9 
 295      9200   941     575.3 
 296      9280   941     583.5 
 297      9360   941     569.8 
 298      9440   942     574.9 
 299      9520   941     569.8 
 300      9600   941     571.5 
 301      9680   941     573.1 
 302      9760   940     571.7 
 303      9840   941     570.5 
 304      9920   940     573.4 
 305     10000   941     571.8 
 306     10080   940     570.1 
 307     10160   939     565.9 
 308     10240   941     564.9 
 309     10320   940     573.2 
 310     10400   940     576.6 
 311     10480   938     572.6 
 312     10560   937     582.1 
 313     10640   939     575.2 
 314     10720   939     575.7 
 315     10800   939     573.8 
 316     10880   939     565.9 
 317     10960   938     568.6 
 318     11040   941     568.2 
 319     11120   939     574.4 
 320     11200   939     572.3 
 321     11280   940     575.6 
 322     11360   939     569.6 
 323     11440   939     574.9 
 324     11520   940     566.5 
 325     11600   939     575.0 
 326     11680   936     572.9 
 327     11760   939     572.0 
 328     11840   938     568.1 
 329     11920   937     577.8 
 330     12000   939     571.4 
 331     12080   937     569.1 
 332     12160   938     570.7 
 333     12240   936     575.6 
 334     12320   936     568.6 
 335     12400   937     567.3 
 336     12480   938     571.7 
 337     12560   938     565.4 
 338     12640   938     566.6 
 339     12720   937     573.3 
 340     12800   937     567.7 
 341     12880   936     582.4 
 342     12960   937     567.0 
 343     13040   936     569.9 
 344     13120   937     561.7 
 345     13200   935     568.6 
 346     13280   937     566.6 
 347     13360   935     569.0 
 348     13440   936     566.6 
 349     13520   937     576.7 
 350     13600   937     574.1 
 351     13680   939     572.2 
 352     13760   935     571.0 
 353     13840   936     573.2 
 354     13920   935     571.9 
 355     14000   937     576.1 
 356     14080   935     571.3 
 357     14160   936     573.6 
 358     14240   935     573.6 
 359     14320   935     579.4 
 360     14400   935     571.0 
 361     14480   938     567.3 
 362     14560   937     572.5 
 363     14640   936     564.4 
 364     14720   935     573.3 
 365     14800   935     567.6 
 366     14880   936     571.4 
 367     14960   934     571.7 
 368     15040   935     574.8 
 369     15120   933     574.4 
 370     15200   936     573.0 
 371     15280   937     564.6 
 372     15360   936     566.6 
 373     15440   935     564.0 
 374     15520   936     575.3 
 375     15600   935     568.7 
 376     15680   934     565.1 
 377     15760   934     569.7 
 378     15840   934     571.3 
 379     15920   935     572.7 
 380     16000   935     575.7 
 381     16080   934     569.4 
 382     16160   934     573.9 
 383     16240   934     567.8 
 384     16320   936     575.3 
 385     16400   934     572.3 
 386     16480   935     575.6 
 387     16560   934     572.6 
 388     16640   935     579.4 
 389     16720   935     569.6 
 390     16800   934     570.0 
 391     16880   934     570.8 
 392     16960   935     570.7 
 393     17040   935     566.4 
 394     17120   934     572.6 
 395     17200   935     574.0 
 396     17280   935     573.4 
 397     17360   934     570.2 
 398     17440   936     570.9 
 399     17520   935     576.9 
 400     17600   935     570.6 
 401     17680   936     573.7 
 402     17760   934     575.3 
 403     17840   933     570.7 
 404     17920   934     574.7 
 405     18000   933     565.2 
 406     18080   935     579.3 
 407     18160   934     570.3 
 408     18240   935     576.1 
 409     18320   935     577.3 
 410     18400   933     572.3 
 411     18480   934     567.2 
 412     18560   934     565.4 
 413     18640   933     568.0 
 414     18720   934     576.7 
 415     18800   932     583.0 
 416     18880   933     564.5 
 417     18960   935     567.6 
 418     19040   934     567.7 
 419     19120   935     564.9 
 420     19200   933     575.7 
 421     19280   935     573.6 
 422     19360   934     567.7 
 423     19440   934     569.8 
 424     19520   933     578.6 
 425     19600   933     569.3 
 426     19680   933     572.9 
 427     19760   935     567.4 
 428     19840   933     573.7 
 429     19920   934     573.3 
 430     20000   933     573.0 
 431       100   506     530.4 
 432       200   507     549.3 
 433       300   507     544.8 
 434       400   509     547.5 
 435       500   508     540.0 
 436       600   509     535.8 
 437       900   501     556.7 
 438      1200   504     533.7 
 439      1500   502     545.4 
 440      2400   502     523.7 
 441      3435   502     532.3 
 442      4625   504     523.8 
 443      5993   505     524.8 
 444      7566   505     520.2 
 445      9375   506     520.6 
 446     11455   507     510.7 
 447     13847   508     522.6 
 448     16598   508     535.8 
 449     19762   510     528.0 
 450     23401   511     524.1 
 451     27586   509     523.2 
 452     32399   512     532.6 
 453     37934   510     535.9 
 454     44299   510     514.1 
 455     51619   512     537.5 
 456     60037   511     526.4 
 457     69718   511     525.8 
 458     80851   513     526.1 
 459     93654   511     509.0 
 460    108377   510     522.0 
 461    125308   511     533.5 
 462    144779   512     526.0 
 463    167171   509     525.0 
 464    192922   513     521.6 
 465    222536   511     514.5 
 466    256592   509     520.2 
 467    295756   510     521.0 
 468    340795   510     515.5 
 469    392590   509     531.8 
 470    452154   509     524.4 
