PC/104 FIRe Fluorometer 1.3.6
12/ 6/2019      3191
LED Color: blue
Gain:1400
Sample Delay (msec):  1000
Number Samples:  10
STF (usec):  120
STRP (#samples):   60
STRI (usec):   60
MTF (ms):    20
MTF (#samples):   250
MTRP (#samples):   40
MTRI (usec):  100
PQLen:     4
Ambient Light Source Power: On
PAR (uMol/m^2/s):168.42
Num PAR Steps:    4
PAR Off Int (sec):    0
PAR On Int (sec):    0
Comment:

         Time    EX   Fl-Yield 
DATA--------------------------
   0         0     0       0.0 
   1         1   513     584.0 
   2         2   910     607.7 
   3         3   980     611.5 
   4         4   992     619.9 
   5         5   996     613.8 
   6         6   996     615.1 
   7         7   997     614.5 
   8         8   997     623.4 
   9         9   997     617.9 
  10        10   997     617.7 
  11        11   998     614.8 
  12        12   998     621.9 
  13        13   998     619.7 
  14        14   997     620.7 
  15        15   997     615.4 
  16        16   997     623.8 
  17        17   998     615.8 
  18        18   999     620.9 
  19        19   997     620.9 
  20        20   998     629.7 
  21        21   999     624.2 
  22        22   999     624.7 
  23        23   998     628.8 
  24        24   998     625.9 
  25        25   999     630.3 
  26        26   999     628.2 
  27        27   999     636.5 
  28        28   998     627.2 
  29        29   999     632.7 
  30        30  1000     626.9 
  31        31   998     631.1 
  32        32   998     635.1 
  33        33   998     628.9 
  34        34   999     625.1 
  35        35   997     632.0 
  36        36   997     628.1 
  37        37   999     634.5 
  38        38   998     626.1 
  39        39   999     631.1 
  40        40   999     631.7 
  41        41   999     627.0 
  42        42   999     635.2 
  43        43   999     636.3 
  44        44   999     633.3 
  45        45   999     631.5 
  46        46   998     630.4 
  47        47   998     635.4 
  48        48   998     636.3 
  49        49   998     639.9 
  50        50   998     632.7 
  51        51   998     634.4 
  52        52   999     636.2 
  53        53   998     632.1 
  54        54   998     631.9 
  55        55   998     635.1 
  56        56   998     633.2 
  57        57   998     638.3 
  58        58   999     642.7 
  59        59   999     642.2 
  60        60   998     633.2 
  61        61   997     638.0 
  62        62   997     631.4 
  63        63   998     637.7 
  64        64   998     638.9 
  65        65   998     639.6 
  66        66   998     640.4 
  67        67   999     635.5 
  68        68   998     633.9 
  69        69   998     636.4 
  70        70   998     634.0 
  71        71   999     639.2 
  72        72   999     637.4 
  73        73   997     632.3 
  74        74   999     638.6 
  75        75   998     637.8 
  76        76   999     630.3 
  77        77   997     642.3 
  78        78   998     637.3 
  79        79   998     633.2 
  80        80   998     640.0 
  81        81   998     637.0 
  82        82   998     634.8 
  83        83   998     636.0 
  84        84   998     637.3 
  85        85   998     637.9 
  86        86   998     637.0 
  87        87   998     636.4 
  88        88   998     633.8 
  89        89   998     636.0 
  90        90   998     637.5 
  91        91   998     641.7 
  92        92   998     638.9 
  93        93   998     635.7 
  94        94   998     637.4 
  95        95   998     642.5 
  96        96   998     637.4 
  97        97   998     639.5 
  98        98   998     638.0 
  99        99   998     636.1 
 100       100   998     638.8 
 101       101   998     636.3 
 102       102   998     637.3 
 103       103   998     637.9 
 104       104   998     632.0 
 105       105   998     637.2 
 106       106   998     641.7 
 107       107   998     638.8 
 108       108   998     634.3 
 109       109   998     638.8 
 110       110   998     632.2 
 111       111   998     641.9 
 112       112   998     633.3 
 113       113   998     642.3 
 114       114   998     641.7 
 115       115   998     636.8 
 116       116   998     634.0 
 117       117   998     636.6 
 118       118   998     635.8 
 119       119   998     641.1 
 120       120   998     641.1 
 121       180   554     597.7 
 122       240   554     600.0 
 123       300   553     602.0 
 124       360   551     597.6 
 125       420   553     590.1 
 126       480   551     593.3 
 127       540   552     605.1 
 128       600   551     593.6 
 129       780   550     593.3 
 130       960   547     582.4 
 131      1140   545     582.2 
 132      1320   548     575.5 
 133      1500   547     577.5 
 134      2040   544     585.1 
 135      2661   539     570.5 
 136      3375   540     576.3 
 137      4196   537     571.5 
 138      5140   536     575.2 
 139      6226   538     574.7 
 140      7475   537     576.7 
 141      8911   534     575.3 
 142     10562   533     579.5 
 143     12461   534     584.6 
 144     14645   530     574.0 
 145     17157   531     575.3 
 146     20046   530     582.8 
 147     23368   529     576.7 
 148     27188   528     574.2 
 149     31581   528     576.3 
 150     36633   528     570.6 
 151     42443   526     590.3 
 152     49125   525     578.5 
 153     56809   527     563.0 
 154     65646   524     567.4 
 155     75809   525     577.1 
 156     87496   525     563.8 
 157    100936   522     584.9 
 158    116392   521     581.2 
 159    134166   520     582.9 
 160    154606   520     559.6 
 161    178112   520     578.1 
 162    205144   520     557.3 
 163    236231   520     569.0 
 164    271981   520     561.3 
 165    313093   520     576.2 
 166    360372   520     571.5 
 167    414743   520     578.5 
 168    477270   520     571.3 
 169    542270   520     571.3 
 170    607270   520     577.1 
 171    672270   520     590.4 
 172    737270   520     569.8 
 173    802270   520     563.8 
 174    867270   520     572.9 
 175    932270   520     558.1 
 176    997270   520     566.0 
 177   1062270   520     568.3 
 178   1127270   520     558.7 
 179   1192270   520     573.5 
 180   1257270   520     573.5 
 181        80   954     607.0 
 182       160   957     620.5 
 183       240   957     620.8 
 184       320   958     620.6 
 185       400   958     625.8 
 186       480   956     628.5 
 187       560   956     631.3 
 188       640   956     632.9 
 189       720   956     631.7 
 190       800   956     642.1 
 191       880   955     629.5 
 192       960   957     637.3 
 193      1040   956     628.3 
 194      1120   957     633.5 
 195      1200   956     632.4 
 196      1280   956     635.8 
 197      1360   955     637.7 
 198      1440   955     638.0 
 199      1520   956     630.6 
 200      1600   955     637.3 
 201      1680   953     630.6 
 202      1760   953     634.5 
 203      1840   954     631.4 
 204      1920   953     634.3 
 205      2000   954     634.7 
 206      2080   955     630.1 
 207      2160   951     644.2 
 208      2240   953     631.3 
 209      2320   952     637.8 
 210      2400   953     641.1 
 211      2480   953     629.6 
 212      2560   954     626.3 
 213      2640   953     632.1 
 214      2720   953     637.0 
 215      2800   951     643.7 
 216      2880   953     633.7 
 217      2960   951     638.5 
 218      3040   950     634.6 
 219      3120   950     641.9 
 220      3200   952     638.0 
 221      3280   952     627.7 
 222      3360   950     638.8 
 223      3440   950     630.0 
 224      3520   949     642.4 
 225      3600   950     635.5 
 226      3680   949     639.6 
 227      3760   951     637.9 
 228      3840   950     627.5 
 229      3920   950     641.2 
 230      4000   950     633.3 
 231      4080   950     633.6 
 232      4160   949     640.1 
 233      4240   951     634.7 
 234      4320   950     633.2 
 235      4400   948     634.3 
 236      4480   948     637.9 
 237      4560   949     636.5 
 238      4640   947     634.0 
 239      4720   950     633.9 
 240      4800   950     636.5 
 241      4880   949     632.9 
 242      4960   948     639.2 
 243      5040   947     639.8 
 244      5120   949     631.4 
 245      5200   948     636.4 
 246      5280   946     631.7 
 247      5360   945     637.6 
 248      5440   947     634.2 
 249      5520   946     631.0 
 250      5600   947     638.1 
 251      5680   945     633.7 
 252      5760   945     631.1 
 253      5840   946     637.5 
 254      5920   945     632.3 
 255      6000   947     635.6 
 256      6080   945     636.3 
 257      6160   946     631.7 
 258      6240   946     633.4 
 259      6320   944     635.5 
 260      6400   945     629.3 
 261      6480   945     631.6 
 262      6560   944     637.3 
 263      6640   944     639.2 
 264      6720   944     639.3 
 265      6800   944     640.0 
 266      6880   945     631.9 
 267      6960   944     636.5 
 268      7040   943     633.9 
 269      7120   944     631.6 
 270      7200   944     632.1 
 271      7280   944     641.5 
 272      7360   943     634.4 
 273      7440   943     632.2 
 274      7520   944     634.1 
 275      7600   941     639.9 
 276      7680   943     625.2 
 277      7760   944     641.6 
 278      7840   943     632.1 
 279      7920   944     637.9 
 280      8000   942     636.6 
 281      8080   942     634.8 
 282      8160   942     635.8 
 283      8240   943     634.0 
 284      8320   943     630.9 
 285      8400   941     632.2 
 286      8480   941     635.9 
 287      8560   942     633.1 
 288      8640   941     629.0 
 289      8720   943     638.7 
 290      8800   943     628.8 
 291      8880   941     634.8 
 292      8960   943     636.2 
 293      9040   941     635.4 
 294      9120   942     629.5 
 295      9200   941     633.3 
 296      9280   941     634.9 
 297      9360   941     637.0 
 298      9440   942     633.3 
 299      9520   941     634.2 
 300      9600   941     638.4 
 301      9680   941     632.3 
 302      9760   940     632.3 
 303      9840   941     632.6 
 304      9920   940     629.9 
 305     10000   941     630.4 
 306     10080   940     628.9 
 307     10160   939     633.3 
 308     10240   941     639.0 
 309     10320   940     637.8 
 310     10400   940     636.2 
 311     10480   938     633.4 
 312     10560   937     639.8 
 313     10640   939     633.8 
 314     10720   939     638.2 
 315     10800   939     634.9 
 316     10880   939     637.5 
 317     10960   938     635.1 
 318     11040   941     637.5 
 319     11120   939     632.2 
 320     11200   939     642.9 
 321     11280   940     640.4 
 322     11360   939     636.5 
 323     11440   939     634.8 
 324     11520   940     636.0 
 325     11600   939     636.7 
 326     11680   936     635.1 
 327     11760   939     631.8 
 328     11840   938     635.1 
 329     11920   937     633.6 
 330     12000   939     636.0 
 331     12080   937     634.5 
 332     12160   938     638.0 
 333     12240   936     629.4 
 334     12320   936     628.2 
 335     12400   937     628.7 
 336     12480   938     630.4 
 337     12560   938     640.9 
 338     12640   938     630.2 
 339     12720   937     631.3 
 340     12800   937     633.3 
 341     12880   936     634.9 
 342     12960   937     632.6 
 343     13040   936     636.9 
 344     13120   937     637.7 
 345     13200   935     638.1 
 346     13280   937     638.5 
 347     13360   935     635.5 
 348     13440   936     634.3 
 349     13520   937     638.5 
 350     13600   937     637.2 
 351     13680   939     636.4 
 352     13760   935     636.0 
 353     13840   936     636.9 
 354     13920   935     629.9 
 355     14000   937     630.3 
 356     14080   935     639.0 
 357     14160   936     636.8 
 358     14240   935     631.0 
 359     14320   935     636.8 
 360     14400   935     629.8 
 361     14480   938     632.9 
 362     14560   937     629.7 
 363     14640   936     627.0 
 364     14720   935     640.6 
 365     14800   935     632.7 
 366     14880   936     636.4 
 367     14960   934     631.4 
 368     15040   935     635.1 
 369     15120   933     627.8 
 370     15200   936     636.8 
 371     15280   937     640.7 
 372     15360   936     641.0 
 373     15440   935     634.8 
 374     15520   936     630.4 
 375     15600   935     635.3 
 376     15680   934     632.7 
 377     15760   934     628.2 
 378     15840   934     637.4 
 379     15920   935     632.8 
 380     16000   935     637.9 
 381     16080   934     633.2 
 382     16160   934     633.8 
 383     16240   934     630.8 
 384     16320   936     631.7 
 385     16400   934     636.5 
 386     16480   935     632.1 
 387     16560   934     624.8 
 388     16640   935     630.3 
 389     16720   935     623.9 
 390     16800   934     634.2 
 391     16880   934     640.0 
 392     16960   935     635.0 
 393     17040   935     629.5 
 394     17120   934     638.1 
 395     17200   935     632.0 
 396     17280   935     630.6 
 397     17360   934     635.9 
 398     17440   936     629.4 
 399     17520   935     629.0 
 400     17600   935     635.8 
 401     17680   936     626.4 
 402     17760   934     633.8 
 403     17840   933     637.4 
 404     17920   934     631.9 
 405     18000   933     634.7 
 406     18080   935     634.3 
 407     18160   934     630.4 
 408     18240   935     631.3 
 409     18320   935     629.1 
 410     18400   933     638.0 
 411     18480   934     631.7 
 412     18560   934     630.4 
 413     18640   933     637.5 
 414     18720   934     638.0 
 415     18800   932     632.1 
 416     18880   933     635.6 
 417     18960   935     630.6 
 418     19040   934     628.7 
 419     19120   935     637.6 
 420     19200   933     635.5 
 421     19280   935     632.2 
 422     19360   934     639.3 
 423     19440   934     632.0 
 424     19520   933     635.6 
 425     19600   933     630.7 
 426     19680   933     638.3 
 427     19760   935     634.2 
 428     19840   933     628.3 
 429     19920   934     633.1 
 430     20000   933     639.3 
 431       100   506     601.4 
 432       200   507     599.2 
 433       300   507     591.3 
 434       400   509     589.6 
 435       500   508     603.3 
 436       600   509     605.3 
 437       900   501     597.6 
 438      1200   504     601.6 
 439      1500   502     590.8 
 440      2400   502     589.0 
 441      3435   502     589.2 
 442      4625   504     575.2 
 443      5993   505     582.4 
 444      7566   505     586.1 
 445      9375   506     582.8 
 446     11455   507     587.8 
 447     13847   508     573.4 
 448     16598   508     586.2 
 449     19762   510     583.3 
 450     23401   511     593.5 
 451     27586   509     588.4 
 452     32399   512     573.4 
 453     37934   510     582.4 
 454     44299   510     583.5 
 455     51619   512     585.9 
 456     60037   511     584.9 
 457     69718   511     575.3 
 458     80851   513     582.3 
 459     93654   511     592.2 
 460    108377   510     580.4 
 461    125308   511     578.3 
 462    144779   512     576.6 
 463    167171   509     585.3 
 464    192922   513     560.4 
 465    222536   511     578.5 
 466    256592   509     579.0 
 467    295756   510     571.4 
 468    340795   510     576.5 
 469    392590   509     582.9 
 470    452154   509     577.8 
