PC/104 FIRe Fluorometer 1.3.6
12/ 6/2019      3138
LED Color: blue
Gain:1400
Sample Delay (msec):  1000
Number Samples:  10
STF (usec):  120
STRP (#samples):   60
STRI (usec):   60
MTF (ms):    20
MTF (#samples):   250
MTRP (#samples):   40
MTRI (usec):  100
PQLen:     4
Ambient Light Source Power: On
PAR (uMol/m^2/s):147.37
Num PAR Steps:    6
PAR Off Int (sec):    0
PAR On Int (sec):    0
Comment:

         Time    EX   Fl-Yield 
DATA--------------------------
   0         0     0       0.0 
   1         1   513     641.3 
   2         2   910     683.2 
   3         3   980     690.0 
   4         4   992     689.1 
   5         5   996     682.8 
   6         6   996     691.7 
   7         7   997     690.5 
   8         8   997     683.1 
   9         9   997     686.0 
  10        10   997     693.0 
  11        11   998     699.2 
  12        12   998     689.8 
  13        13   998     701.4 
  14        14   997     693.8 
  15        15   997     686.8 
  16        16   997     698.0 
  17        17   998     698.4 
  18        18   999     698.6 
  19        19   997     694.5 
  20        20   998     701.7 
  21        21   999     698.4 
  22        22   999     700.6 
  23        23   998     705.0 
  24        24   998     705.3 
  25        25   999     698.4 
  26        26   999     696.1 
  27        27   999     700.1 
  28        28   998     703.6 
  29        29   999     706.1 
  30        30  1000     699.6 
  31        31   998     710.6 
  32        32   998     704.2 
  33        33   998     708.2 
  34        34   999     702.7 
  35        35   997     709.5 
  36        36   997     709.5 
  37        37   999     707.9 
  38        38   998     707.6 
  39        39   999     707.5 
  40        40   999     703.7 
  41        41   999     701.5 
  42        42   999     705.3 
  43        43   999     704.1 
  44        44   999     708.4 
  45        45   999     707.5 
  46        46   998     704.4 
  47        47   998     711.4 
  48        48   998     708.2 
  49        49   998     712.7 
  50        50   998     708.4 
  51        51   998     707.9 
  52        52   999     709.6 
  53        53   998     712.5 
  54        54   998     712.9 
  55        55   998     707.4 
  56        56   998     706.7 
  57        57   998     711.4 
  58        58   999     706.5 
  59        59   999     705.0 
  60        60   998     712.8 
  61        61   997     713.1 
  62        62   997     711.9 
  63        63   998     717.0 
  64        64   998     709.5 
  65        65   998     709.4 
  66        66   998     716.8 
  67        67   999     712.0 
  68        68   998     717.4 
  69        69   998     716.3 
  70        70   998     711.0 
  71        71   999     711.8 
  72        72   999     708.6 
  73        73   997     713.7 
  74        74   999     712.9 
  75        75   998     713.7 
  76        76   999     706.6 
  77        77   997     713.4 
  78        78   998     714.7 
  79        79   998     707.3 
  80        80   998     711.5 
  81        81   998     712.2 
  82        82   998     707.2 
  83        83   998     715.5 
  84        84   998     710.4 
  85        85   998     713.4 
  86        86   998     712.1 
  87        87   998     711.7 
  88        88   998     715.8 
  89        89   998     715.9 
  90        90   998     715.3 
  91        91   998     713.2 
  92        92   998     709.9 
  93        93   998     714.2 
  94        94   998     715.8 
  95        95   998     711.7 
  96        96   998     709.6 
  97        97   998     706.1 
  98        98   998     718.9 
  99        99   998     714.4 
 100       100   998     711.4 
 101       101   998     708.0 
 102       102   998     705.5 
 103       103   998     710.5 
 104       104   998     712.1 
 105       105   998     709.8 
 106       106   998     711.3 
 107       107   998     711.9 
 108       108   998     710.4 
 109       109   998     723.6 
 110       110   998     711.4 
 111       111   998     710.2 
 112       112   998     717.6 
 113       113   998     720.4 
 114       114   998     710.9 
 115       115   998     710.1 
 116       116   998     714.3 
 117       117   998     713.1 
 118       118   998     711.4 
 119       119   998     709.7 
 120       120   998     709.7 
 121       180   554     669.1 
 122       240   554     677.1 
 123       300   553     671.2 
 124       360   551     663.7 
 125       420   553     674.0 
 126       480   551     674.8 
 127       540   552     666.7 
 128       600   551     664.4 
 129       780   550     655.6 
 130       960   547     663.1 
 131      1140   545     658.2 
 132      1320   548     648.2 
 133      1500   547     633.5 
 134      2040   544     640.6 
 135      2661   539     653.1 
 136      3375   540     643.9 
 137      4196   537     639.5 
 138      5140   536     654.1 
 139      6226   538     643.9 
 140      7475   537     645.4 
 141      8911   534     642.3 
 142     10562   533     659.8 
 143     12461   534     643.4 
 144     14645   530     646.2 
 145     17157   531     642.2 
 146     20046   530     654.7 
 147     23368   529     639.1 
 148     27188   528     650.0 
 149     31581   528     629.4 
 150     36633   528     646.8 
 151     42443   526     647.9 
 152     49125   525     652.2 
 153     56809   527     647.2 
 154     65646   524     651.1 
 155     75809   525     645.1 
 156     87496   525     644.2 
 157    100936   522     648.9 
 158    116392   521     643.0 
 159    134166   520     655.0 
 160    154606   520     644.0 
 161    178112   520     644.2 
 162    205144   520     636.5 
 163    236231   520     633.3 
 164    271981   520     639.4 
 165    313093   520     628.8 
 166    360372   520     628.3 
 167    414743   520     632.9 
 168    477270   520     626.3 
 169    542270   520     636.9 
 170    607270   520     631.9 
 171    672270   520     641.9 
 172    737270   520     643.3 
 173    802270   520     645.0 
 174    867270   520     645.4 
 175    932270   520     640.4 
 176    997270   520     643.7 
 177   1062270   520     638.1 
 178   1127270   520     648.8 
 179   1192270   520     651.7 
 180   1257270   520     651.7 
 181        80   954     688.1 
 182       160   957     692.9 
 183       240   957     696.1 
 184       320   958     702.0 
 185       400   958     709.0 
 186       480   956     715.8 
 187       560   956     706.0 
 188       640   956     715.3 
 189       720   956     715.4 
 190       800   956     711.6 
 191       880   955     718.1 
 192       960   957     721.0 
 193      1040   956     718.1 
 194      1120   957     708.6 
 195      1200   956     708.4 
 196      1280   956     710.4 
 197      1360   955     712.1 
 198      1440   955     719.2 
 199      1520   956     712.7 
 200      1600   955     713.6 
 201      1680   953     717.0 
 202      1760   953     717.7 
 203      1840   954     709.3 
 204      1920   953     717.9 
 205      2000   954     714.9 
 206      2080   955     715.5 
 207      2160   951     721.9 
 208      2240   953     713.4 
 209      2320   952     713.9 
 210      2400   953     711.9 
 211      2480   953     711.8 
 212      2560   954     711.6 
 213      2640   953     709.9 
 214      2720   953     712.9 
 215      2800   951     712.8 
 216      2880   953     719.0 
 217      2960   951     707.0 
 218      3040   950     715.7 
 219      3120   950     711.9 
 220      3200   952     713.0 
 221      3280   952     714.5 
 222      3360   950     713.9 
 223      3440   950     709.1 
 224      3520   949     716.2 
 225      3600   950     715.8 
 226      3680   949     717.7 
 227      3760   951     720.5 
 228      3840   950     709.9 
 229      3920   950     710.2 
 230      4000   950     717.4 
 231      4080   950     715.7 
 232      4160   949     717.1 
 233      4240   951     713.9 
 234      4320   950     721.3 
 235      4400   948     713.9 
 236      4480   948     715.1 
 237      4560   949     716.3 
 238      4640   947     723.9 
 239      4720   950     713.4 
 240      4800   950     709.3 
 241      4880   949     717.5 
 242      4960   948     717.0 
 243      5040   947     721.9 
 244      5120   949     714.9 
 245      5200   948     712.2 
 246      5280   946     711.8 
 247      5360   945     711.4 
 248      5440   947     708.4 
 249      5520   946     706.0 
 250      5600   947     708.8 
 251      5680   945     713.1 
 252      5760   945     712.9 
 253      5840   946     709.9 
 254      5920   945     713.2 
 255      6000   947     714.6 
 256      6080   945     716.2 
 257      6160   946     713.3 
 258      6240   946     719.5 
 259      6320   944     710.9 
 260      6400   945     719.5 
 261      6480   945     710.4 
 262      6560   944     715.0 
 263      6640   944     712.0 
 264      6720   944     711.1 
 265      6800   944     717.8 
 266      6880   945     708.9 
 267      6960   944     718.0 
 268      7040   943     719.0 
 269      7120   944     707.4 
 270      7200   944     712.4 
 271      7280   944     708.5 
 272      7360   943     711.2 
 273      7440   943     711.5 
 274      7520   944     707.8 
 275      7600   941     712.4 
 276      7680   943     714.5 
 277      7760   944     714.0 
 278      7840   943     707.6 
 279      7920   944     718.2 
 280      8000   942     714.3 
 281      8080   942     712.0 
 282      8160   942     710.1 
 283      8240   943     707.5 
 284      8320   943     715.0 
 285      8400   941     712.5 
 286      8480   941     710.7 
 287      8560   942     714.3 
 288      8640   941     709.0 
 289      8720   943     704.1 
 290      8800   943     713.0 
 291      8880   941     709.7 
 292      8960   943     707.8 
 293      9040   941     715.4 
 294      9120   942     713.9 
 295      9200   941     713.8 
 296      9280   941     716.8 
 297      9360   941     711.2 
 298      9440   942     715.7 
 299      9520   941     718.9 
 300      9600   941     715.4 
 301      9680   941     716.4 
 302      9760   940     710.9 
 303      9840   941     712.6 
 304      9920   940     707.1 
 305     10000   941     716.6 
 306     10080   940     714.1 
 307     10160   939     717.8 
 308     10240   941     717.4 
 309     10320   940     707.8 
 310     10400   940     711.6 
 311     10480   938     713.0 
 312     10560   937     718.8 
 313     10640   939     711.9 
 314     10720   939     715.2 
 315     10800   939     711.4 
 316     10880   939     709.5 
 317     10960   938     713.5 
 318     11040   941     704.6 
 319     11120   939     712.5 
 320     11200   939     718.8 
 321     11280   940     716.5 
 322     11360   939     711.8 
 323     11440   939     711.0 
 324     11520   940     709.4 
 325     11600   939     717.5 
 326     11680   936     716.0 
 327     11760   939     710.9 
 328     11840   938     717.8 
 329     11920   937     712.4 
 330     12000   939     715.1 
 331     12080   937     715.0 
 332     12160   938     713.2 
 333     12240   936     712.6 
 334     12320   936     710.3 
 335     12400   937     712.0 
 336     12480   938     704.1 
 337     12560   938     705.1 
 338     12640   938     719.3 
 339     12720   937     712.6 
 340     12800   937     709.1 
 341     12880   936     717.0 
 342     12960   937     711.3 
 343     13040   936     715.6 
 344     13120   937     713.2 
 345     13200   935     701.4 
 346     13280   937     713.9 
 347     13360   935     718.1 
 348     13440   936     706.1 
 349     13520   937     714.2 
 350     13600   937     709.3 
 351     13680   939     707.2 
 352     13760   935     717.5 
 353     13840   936     717.7 
 354     13920   935     716.3 
 355     14000   937     716.6 
 356     14080   935     714.7 
 357     14160   936     714.7 
 358     14240   935     712.8 
 359     14320   935     717.3 
 360     14400   935     706.4 
 361     14480   938     713.1 
 362     14560   937     715.8 
 363     14640   936     706.8 
 364     14720   935     714.2 
 365     14800   935     711.4 
 366     14880   936     712.0 
 367     14960   934     710.2 
 368     15040   935     707.9 
 369     15120   933     713.4 
 370     15200   936     718.1 
 371     15280   937     704.6 
 372     15360   936     705.3 
 373     15440   935     708.7 
 374     15520   936     719.9 
 375     15600   935     704.1 
 376     15680   934     710.0 
 377     15760   934     710.4 
 378     15840   934     707.1 
 379     15920   935     705.7 
 380     16000   935     715.8 
 381     16080   934     719.1 
 382     16160   934     715.8 
 383     16240   934     705.7 
 384     16320   936     714.2 
 385     16400   934     705.9 
 386     16480   935     716.7 
 387     16560   934     723.8 
 388     16640   935     712.8 
 389     16720   935     712.7 
 390     16800   934     712.3 
 391     16880   934     710.0 
 392     16960   935     716.7 
 393     17040   935     712.8 
 394     17120   934     710.0 
 395     17200   935     712.0 
 396     17280   935     707.5 
 397     17360   934     710.5 
 398     17440   936     709.7 
 399     17520   935     715.3 
 400     17600   935     709.6 
 401     17680   936     715.4 
 402     17760   934     710.2 
 403     17840   933     719.1 
 404     17920   934     717.8 
 405     18000   933     709.9 
 406     18080   935     711.1 
 407     18160   934     718.8 
 408     18240   935     712.4 
 409     18320   935     715.3 
 410     18400   933     720.9 
 411     18480   934     713.1 
 412     18560   934     720.6 
 413     18640   933     711.6 
 414     18720   934     704.5 
 415     18800   932     710.3 
 416     18880   933     710.6 
 417     18960   935     705.7 
 418     19040   934     711.9 
 419     19120   935     717.2 
 420     19200   933     719.7 
 421     19280   935     710.9 
 422     19360   934     710.6 
 423     19440   934     701.9 
 424     19520   933     716.0 
 425     19600   933     709.6 
 426     19680   933     715.6 
 427     19760   935     708.7 
 428     19840   933     705.3 
 429     19920   934     710.9 
 430     20000   933     713.2 
 431       100   506     680.8 
 432       200   507     678.3 
 433       300   507     673.2 
 434       400   509     684.9 
 435       500   508     677.8 
 436       600   509     673.1 
 437       900   501     670.3 
 438      1200   504     669.0 
 439      1500   502     662.7 
 440      2400   502     666.3 
 441      3435   502     651.8 
 442      4625   504     659.9 
 443      5993   505     655.8 
 444      7566   505     654.5 
 445      9375   506     650.4 
 446     11455   507     653.1 
 447     13847   508     657.9 
 448     16598   508     654.9 
 449     19762   510     637.1 
 450     23401   511     656.4 
 451     27586   509     661.5 
 452     32399   512     644.3 
 453     37934   510     643.5 
 454     44299   510     647.1 
 455     51619   512     651.4 
 456     60037   511     652.6 
 457     69718   511     640.7 
 458     80851   513     641.3 
 459     93654   511     644.6 
 460    108377   510     640.0 
 461    125308   511     657.7 
 462    144779   512     646.1 
 463    167171   509     638.7 
 464    192922   513     643.9 
 465    222536   511     652.3 
 466    256592   509     653.8 
 467    295756   510     645.5 
 468    340795   510     656.5 
 469    392590   509     637.1 
 470    452154   509     640.5 
