PC/104 FIRe Fluorometer 1.3.6
12/ 6/2019      2977
LED Color: blue
Gain:1400
Sample Delay (msec):  1000
Number Samples:  10
STF (usec):  120
STRP (#samples):   60
STRI (usec):   60
MTF (ms):    20
MTF (#samples):   250
MTRP (#samples):   40
MTRI (usec):  100
PQLen:     4
Ambient Light Source Power: On
PAR (uMol/m^2/s): 84.21
Num PAR Steps:   12
PAR Off Int (sec):    0
PAR On Int (sec):    0
Comment:

         Time    EX   Fl-Yield 
DATA--------------------------
   0         0     0       0.0 
   1         1   513     936.3 
   2         2   910    1005.4 
   3         3   980    1006.7 
   4         4   992    1020.9 
   5         5   996    1011.6 
   6         6   996    1018.5 
   7         7   997    1022.4 
   8         8   997    1020.7 
   9         9   997    1024.8 
  10        10   997    1025.4 
  11        11   998    1026.5 
  12        12   998    1039.4 
  13        13   998    1040.6 
  14        14   997    1028.2 
  15        15   997    1049.5 
  16        16   997    1038.6 
  17        17   998    1046.7 
  18        18   999    1048.3 
  19        19   997    1044.2 
  20        20   998    1047.4 
  21        21   999    1043.0 
  22        22   999    1035.8 
  23        23   998    1050.0 
  24        24   998    1051.3 
  25        25   999    1043.3 
  26        26   999    1054.2 
  27        27   999    1049.2 
  28        28   998    1061.1 
  29        29   999    1050.8 
  30        30  1000    1056.0 
  31        31   998    1048.5 
  32        32   998    1057.3 
  33        33   998    1062.1 
  34        34   999    1059.4 
  35        35   997    1058.2 
  36        36   997    1056.7 
  37        37   999    1058.4 
  38        38   998    1062.7 
  39        39   999    1067.8 
  40        40   999    1065.5 
  41        41   999    1062.4 
  42        42   999    1063.3 
  43        43   999    1062.9 
  44        44   999    1061.1 
  45        45   999    1054.7 
  46        46   998    1059.3 
  47        47   998    1070.0 
  48        48   998    1073.2 
  49        49   998    1072.4 
  50        50   998    1064.7 
  51        51   998    1068.0 
  52        52   999    1064.5 
  53        53   998    1065.8 
  54        54   998    1061.9 
  55        55   998    1070.4 
  56        56   998    1061.2 
  57        57   998    1063.8 
  58        58   999    1073.4 
  59        59   999    1063.0 
  60        60   998    1067.7 
  61        61   997    1061.8 
  62        62   997    1069.8 
  63        63   998    1063.8 
  64        64   998    1074.9 
  65        65   998    1072.3 
  66        66   998    1068.5 
  67        67   999    1062.5 
  68        68   998    1069.5 
  69        69   998    1072.9 
  70        70   998    1067.6 
  71        71   999    1065.9 
  72        72   999    1061.3 
  73        73   997    1077.0 
  74        74   999    1073.9 
  75        75   998    1065.2 
  76        76   999    1066.8 
  77        77   997    1077.1 
  78        78   998    1074.2 
  79        79   998    1074.4 
  80        80   998    1077.0 
  81        81   998    1064.0 
  82        82   998    1069.3 
  83        83   998    1077.2 
  84        84   998    1071.9 
  85        85   998    1081.4 
  86        86   998    1061.9 
  87        87   998    1066.0 
  88        88   998    1073.3 
  89        89   998    1080.8 
  90        90   998    1067.3 
  91        91   998    1072.2 
  92        92   998    1075.6 
  93        93   998    1070.6 
  94        94   998    1068.8 
  95        95   998    1073.3 
  96        96   998    1071.7 
  97        97   998    1076.0 
  98        98   998    1073.0 
  99        99   998    1068.5 
 100       100   998    1074.1 
 101       101   998    1068.3 
 102       102   998    1070.0 
 103       103   998    1071.0 
 104       104   998    1065.3 
 105       105   998    1068.1 
 106       106   998    1074.1 
 107       107   998    1069.2 
 108       108   998    1073.4 
 109       109   998    1062.1 
 110       110   998    1074.9 
 111       111   998    1071.1 
 112       112   998    1064.5 
 113       113   998    1073.6 
 114       114   998    1071.4 
 115       115   998    1070.2 
 116       116   998    1065.0 
 117       117   998    1067.7 
 118       118   998    1067.9 
 119       119   998    1066.0 
 120       120   998    1066.0 
 121       180   554    1028.3 
 122       240   554    1022.9 
 123       300   553    1020.6 
 124       360   551    1035.9 
 125       420   553    1017.4 
 126       480   551    1028.9 
 127       540   552    1023.4 
 128       600   551     995.8 
 129       780   550     998.5 
 130       960   547    1005.7 
 131      1140   545     996.0 
 132      1320   548     994.2 
 133      1500   547     975.5 
 134      2040   544     963.6 
 135      2661   539     977.7 
 136      3375   540     959.1 
 137      4196   537     974.9 
 138      5140   536     965.1 
 139      6226   538     967.3 
 140      7475   537     959.2 
 141      8911   534     962.0 
 142     10562   533     961.9 
 143     12461   534     970.6 
 144     14645   530     955.7 
 145     17157   531     957.3 
 146     20046   530     971.5 
 147     23368   529     966.4 
 148     27188   528     954.9 
 149     31581   528     965.9 
 150     36633   528     963.4 
 151     42443   526     959.7 
 152     49125   525     961.5 
 153     56809   527     955.4 
 154     65646   524     973.1 
 155     75809   525     961.7 
 156     87496   525     965.7 
 157    100936   522     941.2 
 158    116392   521     967.6 
 159    134166   520     972.1 
 160    154606   520     964.2 
 161    178112   520     982.7 
 162    205144   520     964.4 
 163    236231   520     976.3 
 164    271981   520     960.2 
 165    313093   520     971.7 
 166    360372   520     953.1 
 167    414743   520     949.0 
 168    477270   520     955.6 
 169    542270   520     952.9 
 170    607270   520     974.6 
 171    672270   520     973.5 
 172    737270   520     956.2 
 173    802270   520     966.9 
 174    867270   520     962.7 
 175    932270   520     969.8 
 176    997270   520     956.2 
 177   1062270   520     969.2 
 178   1127270   520     955.4 
 179   1192270   520     933.7 
 180   1257270   520     933.7 
 181        80   954    1011.3 
 182       160   957    1036.1 
 183       240   957    1048.4 
 184       320   958    1064.3 
 185       400   958    1065.8 
 186       480   956    1069.8 
 187       560   956    1073.8 
 188       640   956    1079.2 
 189       720   956    1065.3 
 190       800   956    1071.1 
 191       880   955    1075.3 
 192       960   957    1065.9 
 193      1040   956    1074.5 
 194      1120   957    1066.7 
 195      1200   956    1067.8 
 196      1280   956    1077.7 
 197      1360   955    1073.5 
 198      1440   955    1070.9 
 199      1520   956    1074.6 
 200      1600   955    1080.7 
 201      1680   953    1076.2 
 202      1760   953    1077.4 
 203      1840   954    1068.9 
 204      1920   953    1077.5 
 205      2000   954    1069.1 
 206      2080   955    1071.5 
 207      2160   951    1078.0 
 208      2240   953    1078.7 
 209      2320   952    1073.4 
 210      2400   953    1073.0 
 211      2480   953    1079.4 
 212      2560   954    1078.9 
 213      2640   953    1072.8 
 214      2720   953    1078.0 
 215      2800   951    1082.4 
 216      2880   953    1076.8 
 217      2960   951    1084.1 
 218      3040   950    1081.1 
 219      3120   950    1071.3 
 220      3200   952    1075.6 
 221      3280   952    1081.3 
 222      3360   950    1079.1 
 223      3440   950    1081.8 
 224      3520   949    1075.7 
 225      3600   950    1082.7 
 226      3680   949    1081.5 
 227      3760   951    1077.7 
 228      3840   950    1075.2 
 229      3920   950    1081.1 
 230      4000   950    1074.3 
 231      4080   950    1087.5 
 232      4160   949    1070.8 
 233      4240   951    1062.0 
 234      4320   950    1070.6 
 235      4400   948    1078.4 
 236      4480   948    1088.6 
 237      4560   949    1076.7 
 238      4640   947    1080.0 
 239      4720   950    1079.3 
 240      4800   950    1071.3 
 241      4880   949    1079.7 
 242      4960   948    1071.1 
 243      5040   947    1074.8 
 244      5120   949    1076.5 
 245      5200   948    1074.2 
 246      5280   946    1072.2 
 247      5360   945    1075.2 
 248      5440   947    1075.8 
 249      5520   946    1084.1 
 250      5600   947    1075.9 
 251      5680   945    1069.5 
 252      5760   945    1076.7 
 253      5840   946    1081.2 
 254      5920   945    1076.4 
 255      6000   947    1074.8 
 256      6080   945    1076.3 
 257      6160   946    1080.2 
 258      6240   946    1077.8 
 259      6320   944    1080.8 
 260      6400   945    1077.8 
 261      6480   945    1074.6 
 262      6560   944    1077.4 
 263      6640   944    1086.2 
 264      6720   944    1083.8 
 265      6800   944    1082.5 
 266      6880   945    1073.5 
 267      6960   944    1083.9 
 268      7040   943    1077.5 
 269      7120   944    1073.2 
 270      7200   944    1067.5 
 271      7280   944    1076.3 
 272      7360   943    1080.6 
 273      7440   943    1079.5 
 274      7520   944    1080.9 
 275      7600   941    1083.0 
 276      7680   943    1074.8 
 277      7760   944    1068.1 
 278      7840   943    1070.4 
 279      7920   944    1073.8 
 280      8000   942    1082.6 
 281      8080   942    1081.5 
 282      8160   942    1067.2 
 283      8240   943    1079.4 
 284      8320   943    1082.6 
 285      8400   941    1086.8 
 286      8480   941    1079.5 
 287      8560   942    1073.7 
 288      8640   941    1091.8 
 289      8720   943    1076.9 
 290      8800   943    1081.9 
 291      8880   941    1080.4 
 292      8960   943    1070.4 
 293      9040   941    1081.9 
 294      9120   942    1083.1 
 295      9200   941    1072.2 
 296      9280   941    1085.9 
 297      9360   941    1081.5 
 298      9440   942    1070.4 
 299      9520   941    1079.0 
 300      9600   941    1075.1 
 301      9680   941    1080.9 
 302      9760   940    1073.8 
 303      9840   941    1073.6 
 304      9920   940    1086.5 
 305     10000   941    1075.6 
 306     10080   940    1078.8 
 307     10160   939    1080.4 
 308     10240   941    1081.4 
 309     10320   940    1084.6 
 310     10400   940    1074.9 
 311     10480   938    1078.1 
 312     10560   937    1085.5 
 313     10640   939    1077.1 
 314     10720   939    1079.0 
 315     10800   939    1079.6 
 316     10880   939    1071.7 
 317     10960   938    1087.8 
 318     11040   941    1073.9 
 319     11120   939    1081.9 
 320     11200   939    1070.6 
 321     11280   940    1074.1 
 322     11360   939    1073.4 
 323     11440   939    1069.8 
 324     11520   940    1089.1 
 325     11600   939    1081.8 
 326     11680   936    1081.8 
 327     11760   939    1073.6 
 328     11840   938    1076.9 
 329     11920   937    1079.8 
 330     12000   939    1077.3 
 331     12080   937    1079.4 
 332     12160   938    1076.3 
 333     12240   936    1085.0 
 334     12320   936    1084.3 
 335     12400   937    1085.2 
 336     12480   938    1077.1 
 337     12560   938    1081.9 
 338     12640   938    1074.3 
 339     12720   937    1079.1 
 340     12800   937    1072.1 
 341     12880   936    1076.6 
 342     12960   937    1079.6 
 343     13040   936    1090.2 
 344     13120   937    1072.8 
 345     13200   935    1076.5 
 346     13280   937    1080.0 
 347     13360   935    1080.9 
 348     13440   936    1074.3 
 349     13520   937    1085.3 
 350     13600   937    1079.9 
 351     13680   939    1076.5 
 352     13760   935    1079.5 
 353     13840   936    1073.0 
 354     13920   935    1073.0 
 355     14000   937    1073.7 
 356     14080   935    1076.0 
 357     14160   936    1081.7 
 358     14240   935    1079.5 
 359     14320   935    1079.5 
 360     14400   935    1077.1 
 361     14480   938    1078.5 
 362     14560   937    1076.2 
 363     14640   936    1074.0 
 364     14720   935    1081.1 
 365     14800   935    1082.8 
 366     14880   936    1082.2 
 367     14960   934    1083.6 
 368     15040   935    1069.8 
 369     15120   933    1080.0 
 370     15200   936    1073.5 
 371     15280   937    1074.7 
 372     15360   936    1078.2 
 373     15440   935    1076.9 
 374     15520   936    1078.1 
 375     15600   935    1080.7 
 376     15680   934    1066.6 
 377     15760   934    1078.7 
 378     15840   934    1077.5 
 379     15920   935    1078.3 
 380     16000   935    1082.6 
 381     16080   934    1087.6 
 382     16160   934    1077.9 
 383     16240   934    1080.7 
 384     16320   936    1073.1 
 385     16400   934    1086.2 
 386     16480   935    1084.0 
 387     16560   934    1074.7 
 388     16640   935    1089.1 
 389     16720   935    1082.1 
 390     16800   934    1082.7 
 391     16880   934    1073.8 
 392     16960   935    1074.7 
 393     17040   935    1081.9 
 394     17120   934    1078.4 
 395     17200   935    1072.4 
 396     17280   935    1075.0 
 397     17360   934    1078.7 
 398     17440   936    1082.4 
 399     17520   935    1084.1 
 400     17600   935    1089.2 
 401     17680   936    1081.8 
 402     17760   934    1086.1 
 403     17840   933    1081.0 
 404     17920   934    1078.9 
 405     18000   933    1078.0 
 406     18080   935    1079.0 
 407     18160   934    1084.0 
 408     18240   935    1089.9 
 409     18320   935    1079.1 
 410     18400   933    1077.3 
 411     18480   934    1086.5 
 412     18560   934    1083.1 
 413     18640   933    1082.0 
 414     18720   934    1084.6 
 415     18800   932    1079.9 
 416     18880   933    1086.6 
 417     18960   935    1079.5 
 418     19040   934    1081.8 
 419     19120   935    1081.0 
 420     19200   933    1086.7 
 421     19280   935    1078.1 
 422     19360   934    1087.2 
 423     19440   934    1090.1 
 424     19520   933    1082.6 
 425     19600   933    1072.8 
 426     19680   933    1083.8 
 427     19760   935    1079.5 
 428     19840   933    1080.8 
 429     19920   934    1079.9 
 430     20000   933    1080.5 
 431       100   506    1035.0 
 432       200   507    1044.2 
 433       300   507    1052.9 
 434       400   509    1044.6 
 435       500   508    1020.1 
 436       600   509    1030.5 
 437       900   501    1032.3 
 438      1200   504    1011.5 
 439      1500   502    1023.3 
 440      2400   502    1014.3 
 441      3435   502    1013.1 
 442      4625   504    1000.8 
 443      5993   505    1000.8 
 444      7566   505     984.0 
 445      9375   506     987.4 
 446     11455   507     976.1 
 447     13847   508     988.4 
 448     16598   508    1008.3 
 449     19762   510     981.6 
 450     23401   511     969.5 
 451     27586   509     995.1 
 452     32399   512     977.3 
 453     37934   510     978.2 
 454     44299   510     987.1 
 455     51619   512     976.6 
 456     60037   511     975.1 
 457     69718   511     986.7 
 458     80851   513     970.6 
 459     93654   511     970.1 
 460    108377   510     965.3 
 461    125308   511     981.0 
 462    144779   512     975.4 
 463    167171   509     950.3 
 464    192922   513     971.0 
 465    222536   511     962.2 
 466    256592   509     977.8 
 467    295756   510     970.4 
 468    340795   510     969.4 
 469    392590   509     962.9 
 470    452154   509     957.0 
