PC/104 FIRe Fluorometer 1.3.6
12/ 6/2019      3031
LED Color: blue
Gain:1400
Sample Delay (msec):  1000
Number Samples:  10
STF (usec):  120
STRP (#samples):   60
STRI (usec):   60
MTF (ms):    20
MTF (#samples):   250
MTRP (#samples):   40
MTRI (usec):  100
PQLen:     4
Ambient Light Source Power: On
PAR (uMol/m^2/s):105.26
Num PAR Steps:   10
PAR Off Int (sec):    0
PAR On Int (sec):    0
Comment:

         Time    EX   Fl-Yield 
DATA--------------------------
   0         0     0       0.0 
   1         1   513     814.8 
   2         2   910     854.5 
   3         3   980     854.5 
   4         4   992     855.6 
   5         5   996     851.4 
   6         6   996     862.2 
   7         7   997     855.4 
   8         8   997     859.7 
   9         9   997     865.4 
  10        10   997     864.5 
  11        11   998     865.2 
  12        12   998     863.0 
  13        13   998     868.2 
  14        14   997     871.9 
  15        15   997     869.6 
  16        16   997     869.2 
  17        17   998     868.4 
  18        18   999     867.2 
  19        19   997     874.5 
  20        20   998     868.0 
  21        21   999     876.1 
  22        22   999     879.0 
  23        23   998     879.3 
  24        24   998     885.6 
  25        25   999     880.3 
  26        26   999     883.3 
  27        27   999     874.0 
  28        28   998     880.2 
  29        29   999     875.4 
  30        30  1000     875.0 
  31        31   998     889.6 
  32        32   998     883.2 
  33        33   998     883.4 
  34        34   999     881.6 
  35        35   997     885.7 
  36        36   997     880.5 
  37        37   999     886.8 
  38        38   998     878.6 
  39        39   999     885.5 
  40        40   999     883.9 
  41        41   999     876.7 
  42        42   999     870.9 
  43        43   999     878.9 
  44        44   999     883.1 
  45        45   999     878.9 
  46        46   998     894.1 
  47        47   998     886.4 
  48        48   998     883.5 
  49        49   998     884.4 
  50        50   998     889.8 
  51        51   998     882.2 
  52        52   999     893.4 
  53        53   998     891.8 
  54        54   998     889.4 
  55        55   998     888.8 
  56        56   998     889.2 
  57        57   998     883.5 
  58        58   999     890.4 
  59        59   999     893.8 
  60        60   998     882.1 
  61        61   997     892.4 
  62        62   997     890.6 
  63        63   998     892.4 
  64        64   998     891.2 
  65        65   998     893.8 
  66        66   998     897.3 
  67        67   999     891.2 
  68        68   998     888.5 
  69        69   998     891.2 
  70        70   998     897.6 
  71        71   999     891.0 
  72        72   999     898.7 
  73        73   997     896.4 
  74        74   999     892.3 
  75        75   998     895.3 
  76        76   999     896.3 
  77        77   997     892.6 
  78        78   998     890.5 
  79        79   998     883.6 
  80        80   998     893.7 
  81        81   998     895.1 
  82        82   998     890.2 
  83        83   998     887.9 
  84        84   998     887.2 
  85        85   998     887.9 
  86        86   998     886.9 
  87        87   998     891.8 
  88        88   998     893.6 
  89        89   998     897.1 
  90        90   998     889.0 
  91        91   998     893.3 
  92        92   998     892.0 
  93        93   998     896.1 
  94        94   998     890.4 
  95        95   998     891.4 
  96        96   998     894.5 
  97        97   998     883.1 
  98        98   998     893.1 
  99        99   998     891.6 
 100       100   998     887.3 
 101       101   998     891.5 
 102       102   998     884.7 
 103       103   998     898.0 
 104       104   998     886.8 
 105       105   998     889.5 
 106       106   998     898.4 
 107       107   998     895.8 
 108       108   998     893.4 
 109       109   998     895.8 
 110       110   998     895.9 
 111       111   998     892.4 
 112       112   998     890.4 
 113       113   998     889.6 
 114       114   998     892.2 
 115       115   998     896.1 
 116       116   998     894.3 
 117       117   998     893.1 
 118       118   998     889.0 
 119       119   998     887.5 
 120       120   998     887.5 
 121       180   554     848.9 
 122       240   554     841.9 
 123       300   553     853.0 
 124       360   551     845.2 
 125       420   553     857.3 
 126       480   551     839.4 
 127       540   552     848.4 
 128       600   551     832.5 
 129       780   550     819.8 
 130       960   547     817.9 
 131      1140   545     830.1 
 132      1320   548     815.5 
 133      1500   547     814.3 
 134      2040   544     803.1 
 135      2661   539     798.0 
 136      3375   540     799.6 
 137      4196   537     822.0 
 138      5140   536     806.7 
 139      6226   538     807.1 
 140      7475   537     807.8 
 141      8911   534     808.1 
 142     10562   533     801.9 
 143     12461   534     820.0 
 144     14645   530     799.4 
 145     17157   531     806.0 
 146     20046   530     814.3 
 147     23368   529     814.9 
 148     27188   528     800.8 
 149     31581   528     822.9 
 150     36633   528     798.1 
 151     42443   526     804.6 
 152     49125   525     821.3 
 153     56809   527     816.5 
 154     65646   524     800.6 
 155     75809   525     788.6 
 156     87496   525     807.4 
 157    100936   522     811.3 
 158    116392   521     800.8 
 159    134166   520     811.2 
 160    154606   520     800.6 
 161    178112   520     808.8 
 162    205144   520     816.5 
 163    236231   520     781.7 
 164    271981   520     804.4 
 165    313093   520     793.8 
 166    360372   520     804.0 
 167    414743   520     798.1 
 168    477270   520     799.4 
 169    542270   520     782.3 
 170    607270   520     781.0 
 171    672270   520     802.1 
 172    737270   520     805.0 
 173    802270   520     791.2 
 174    867270   520     790.0 
 175    932270   520     788.3 
 176    997270   520     794.8 
 177   1062270   520     809.8 
 178   1127270   520     801.5 
 179   1192270   520     800.0 
 180   1257270   520     800.0 
 181        80   954     837.4 
 182       160   957     867.4 
 183       240   957     874.1 
 184       320   958     884.4 
 185       400   958     897.0 
 186       480   956     887.3 
 187       560   956     884.0 
 188       640   956     888.5 
 189       720   956     887.6 
 190       800   956     885.4 
 191       880   955     892.3 
 192       960   957     891.4 
 193      1040   956     880.2 
 194      1120   957     890.0 
 195      1200   956     895.4 
 196      1280   956     892.8 
 197      1360   955     889.8 
 198      1440   955     896.4 
 199      1520   956     892.4 
 200      1600   955     887.6 
 201      1680   953     890.0 
 202      1760   953     899.5 
 203      1840   954     900.2 
 204      1920   953     893.0 
 205      2000   954     891.8 
 206      2080   955     891.4 
 207      2160   951     890.7 
 208      2240   953     892.3 
 209      2320   952     896.6 
 210      2400   953     896.0 
 211      2480   953     896.7 
 212      2560   954     891.7 
 213      2640   953     905.0 
 214      2720   953     899.4 
 215      2800   951     888.0 
 216      2880   953     889.4 
 217      2960   951     892.2 
 218      3040   950     889.7 
 219      3120   950     904.0 
 220      3200   952     894.4 
 221      3280   952     897.0 
 222      3360   950     897.8 
 223      3440   950     892.9 
 224      3520   949     900.9 
 225      3600   950     902.4 
 226      3680   949     894.1 
 227      3760   951     898.2 
 228      3840   950     897.9 
 229      3920   950     896.0 
 230      4000   950     883.8 
 231      4080   950     896.1 
 232      4160   949     902.6 
 233      4240   951     893.0 
 234      4320   950     894.2 
 235      4400   948     892.0 
 236      4480   948     900.9 
 237      4560   949     894.3 
 238      4640   947     900.0 
 239      4720   950     894.8 
 240      4800   950     900.6 
 241      4880   949     901.8 
 242      4960   948     897.3 
 243      5040   947     900.7 
 244      5120   949     893.5 
 245      5200   948     899.3 
 246      5280   946     899.9 
 247      5360   945     903.3 
 248      5440   947     893.7 
 249      5520   946     899.6 
 250      5600   947     887.0 
 251      5680   945     889.8 
 252      5760   945     892.0 
 253      5840   946     900.7 
 254      5920   945     886.6 
 255      6000   947     897.1 
 256      6080   945     906.6 
 257      6160   946     896.1 
 258      6240   946     892.5 
 259      6320   944     892.5 
 260      6400   945     895.0 
 261      6480   945     902.8 
 262      6560   944     889.9 
 263      6640   944     903.5 
 264      6720   944     899.9 
 265      6800   944     892.6 
 266      6880   945     894.6 
 267      6960   944     896.4 
 268      7040   943     901.0 
 269      7120   944     895.7 
 270      7200   944     901.0 
 271      7280   944     890.5 
 272      7360   943     899.6 
 273      7440   943     899.5 
 274      7520   944     900.4 
 275      7600   941     893.7 
 276      7680   943     894.2 
 277      7760   944     898.9 
 278      7840   943     889.4 
 279      7920   944     892.5 
 280      8000   942     892.4 
 281      8080   942     895.0 
 282      8160   942     897.3 
 283      8240   943     886.6 
 284      8320   943     896.3 
 285      8400   941     897.3 
 286      8480   941     898.4 
 287      8560   942     890.3 
 288      8640   941     897.0 
 289      8720   943     897.9 
 290      8800   943     888.9 
 291      8880   941     889.3 
 292      8960   943     898.5 
 293      9040   941     897.2 
 294      9120   942     899.3 
 295      9200   941     897.8 
 296      9280   941     903.9 
 297      9360   941     894.4 
 298      9440   942     897.9 
 299      9520   941     891.4 
 300      9600   941     893.1 
 301      9680   941     890.3 
 302      9760   940     898.7 
 303      9840   941     897.3 
 304      9920   940     883.8 
 305     10000   941     889.8 
 306     10080   940     893.1 
 307     10160   939     901.9 
 308     10240   941     894.5 
 309     10320   940     900.6 
 310     10400   940     901.7 
 311     10480   938     891.4 
 312     10560   937     900.7 
 313     10640   939     895.0 
 314     10720   939     887.5 
 315     10800   939     887.4 
 316     10880   939     887.3 
 317     10960   938     888.7 
 318     11040   941     898.0 
 319     11120   939     895.8 
 320     11200   939     897.3 
 321     11280   940     899.8 
 322     11360   939     892.7 
 323     11440   939     889.7 
 324     11520   940     889.5 
 325     11600   939     896.1 
 326     11680   936     900.4 
 327     11760   939     902.2 
 328     11840   938     897.9 
 329     11920   937     898.8 
 330     12000   939     893.2 
 331     12080   937     893.2 
 332     12160   938     892.5 
 333     12240   936     900.0 
 334     12320   936     907.1 
 335     12400   937     889.8 
 336     12480   938     896.7 
 337     12560   938     899.4 
 338     12640   938     897.1 
 339     12720   937     893.6 
 340     12800   937     895.0 
 341     12880   936     888.6 
 342     12960   937     897.4 
 343     13040   936     893.3 
 344     13120   937     892.6 
 345     13200   935     895.2 
 346     13280   937     901.9 
 347     13360   935     897.3 
 348     13440   936     896.2 
 349     13520   937     893.7 
 350     13600   937     891.0 
 351     13680   939     896.8 
 352     13760   935     893.0 
 353     13840   936     884.1 
 354     13920   935     899.1 
 355     14000   937     898.8 
 356     14080   935     900.6 
 357     14160   936     894.7 
 358     14240   935     902.1 
 359     14320   935     896.5 
 360     14400   935     896.4 
 361     14480   938     892.0 
 362     14560   937     891.6 
 363     14640   936     893.1 
 364     14720   935     892.1 
 365     14800   935     897.9 
 366     14880   936     896.3 
 367     14960   934     894.1 
 368     15040   935     885.3 
 369     15120   933     897.9 
 370     15200   936     897.0 
 371     15280   937     888.3 
 372     15360   936     895.3 
 373     15440   935     889.4 
 374     15520   936     896.6 
 375     15600   935     893.5 
 376     15680   934     892.1 
 377     15760   934     897.9 
 378     15840   934     898.6 
 379     15920   935     892.9 
 380     16000   935     893.8 
 381     16080   934     899.9 
 382     16160   934     900.4 
 383     16240   934     898.1 
 384     16320   936     887.8 
 385     16400   934     894.5 
 386     16480   935     898.1 
 387     16560   934     894.0 
 388     16640   935     892.3 
 389     16720   935     900.3 
 390     16800   934     892.5 
 391     16880   934     894.2 
 392     16960   935     898.7 
 393     17040   935     896.3 
 394     17120   934     900.5 
 395     17200   935     895.7 
 396     17280   935     895.8 
 397     17360   934     887.8 
 398     17440   936     892.5 
 399     17520   935     896.4 
 400     17600   935     891.3 
 401     17680   936     894.4 
 402     17760   934     900.3 
 403     17840   933     901.7 
 404     17920   934     897.0 
 405     18000   933     903.2 
 406     18080   935     892.0 
 407     18160   934     892.1 
 408     18240   935     889.2 
 409     18320   935     893.5 
 410     18400   933     893.5 
 411     18480   934     896.3 
 412     18560   934     891.2 
 413     18640   933     894.3 
 414     18720   934     897.9 
 415     18800   932     899.8 
 416     18880   933     895.9 
 417     18960   935     894.8 
 418     19040   934     896.5 
 419     19120   935     893.7 
 420     19200   933     897.5 
 421     19280   935     899.8 
 422     19360   934     897.6 
 423     19440   934     891.1 
 424     19520   933     892.8 
 425     19600   933     900.5 
 426     19680   933     891.4 
 427     19760   935     884.2 
 428     19840   933     899.2 
 429     19920   934     892.9 
 430     20000   933     901.8 
 431       100   506     865.8 
 432       200   507     868.2 
 433       300   507     859.0 
 434       400   509     849.1 
 435       500   508     860.8 
 436       600   509     841.3 
 437       900   501     858.5 
 438      1200   504     843.3 
 439      1500   502     857.2 
 440      2400   502     824.7 
 441      3435   502     848.8 
 442      4625   504     826.0 
 443      5993   505     835.4 
 444      7566   505     829.7 
 445      9375   506     819.6 
 446     11455   507     815.0 
 447     13847   508     809.4 
 448     16598   508     825.6 
 449     19762   510     830.6 
 450     23401   511     814.5 
 451     27586   509     809.0 
 452     32399   512     826.0 
 453     37934   510     831.6 
 454     44299   510     824.7 
 455     51619   512     800.4 
 456     60037   511     817.2 
 457     69718   511     834.6 
 458     80851   513     807.6 
 459     93654   511     803.7 
 460    108377   510     819.2 
 461    125308   511     817.2 
 462    144779   512     818.0 
 463    167171   509     802.6 
 464    192922   513     805.7 
 465    222536   511     825.0 
 466    256592   509     812.6 
 467    295756   510     816.5 
 468    340795   510     810.2 
 469    392590   509     819.1 
 470    452154   509     811.0 
