PC/104 FIRe Fluorometer 1.3.6
12/ 6/2019      3058
LED Color: blue
Gain:1400
Sample Delay (msec):  1000
Number Samples:  10
STF (usec):  120
STRP (#samples):   60
STRI (usec):   60
MTF (ms):    20
MTF (#samples):   250
MTRP (#samples):   40
MTRI (usec):  100
PQLen:     4
Ambient Light Source Power: On
PAR (uMol/m^2/s):115.79
Num PAR Steps:    9
PAR Off Int (sec):    0
PAR On Int (sec):    0
Comment:

         Time    EX   Fl-Yield 
DATA--------------------------
   0         0     0       0.0 
   1         1   513     706.0 
   2         2   910     734.0 
   3         3   980     738.9 
   4         4   992     755.5 
   5         5   996     744.0 
   6         6   996     752.4 
   7         7   997     756.3 
   8         8   997     757.4 
   9         9   997     759.9 
  10        10   997     761.7 
  11        11   998     761.8 
  12        12   998     757.9 
  13        13   998     760.1 
  14        14   997     757.9 
  15        15   997     758.5 
  16        16   997     757.6 
  17        17   998     765.9 
  18        18   999     764.1 
  19        19   997     773.6 
  20        20   998     768.0 
  21        21   999     772.1 
  22        22   999     761.1 
  23        23   998     763.3 
  24        24   998     763.8 
  25        25   999     770.6 
  26        26   999     767.0 
  27        27   999     764.5 
  28        28   998     775.3 
  29        29   999     770.4 
  30        30  1000     776.1 
  31        31   998     776.3 
  32        32   998     769.2 
  33        33   998     777.4 
  34        34   999     772.9 
  35        35   997     775.6 
  36        36   997     782.9 
  37        37   999     773.4 
  38        38   998     785.6 
  39        39   999     774.1 
  40        40   999     775.1 
  41        41   999     779.3 
  42        42   999     775.5 
  43        43   999     777.1 
  44        44   999     773.5 
  45        45   999     777.7 
  46        46   998     772.9 
  47        47   998     776.0 
  48        48   998     771.8 
  49        49   998     783.1 
  50        50   998     771.6 
  51        51   998     769.8 
  52        52   999     778.1 
  53        53   998     775.1 
  54        54   998     779.7 
  55        55   998     773.3 
  56        56   998     778.6 
  57        57   998     783.8 
  58        58   999     775.2 
  59        59   999     779.9 
  60        60   998     781.8 
  61        61   997     782.9 
  62        62   997     780.6 
  63        63   998     778.3 
  64        64   998     783.6 
  65        65   998     779.9 
  66        66   998     780.2 
  67        67   999     767.7 
  68        68   998     771.2 
  69        69   998     778.6 
  70        70   998     780.3 
  71        71   999     776.2 
  72        72   999     783.6 
  73        73   997     776.3 
  74        74   999     784.0 
  75        75   998     789.4 
  76        76   999     779.7 
  77        77   997     781.9 
  78        78   998     777.2 
  79        79   998     775.2 
  80        80   998     780.9 
  81        81   998     776.6 
  82        82   998     786.4 
  83        83   998     777.0 
  84        84   998     775.7 
  85        85   998     779.9 
  86        86   998     781.3 
  87        87   998     780.7 
  88        88   998     778.1 
  89        89   998     780.2 
  90        90   998     775.7 
  91        91   998     784.5 
  92        92   998     776.4 
  93        93   998     773.8 
  94        94   998     776.3 
  95        95   998     779.8 
  96        96   998     780.8 
  97        97   998     783.4 
  98        98   998     779.9 
  99        99   998     787.7 
 100       100   998     784.4 
 101       101   998     781.5 
 102       102   998     792.0 
 103       103   998     779.7 
 104       104   998     782.7 
 105       105   998     777.4 
 106       106   998     783.8 
 107       107   998     781.4 
 108       108   998     778.6 
 109       109   998     779.7 
 110       110   998     781.6 
 111       111   998     777.5 
 112       112   998     782.1 
 113       113   998     772.4 
 114       114   998     783.7 
 115       115   998     778.7 
 116       116   998     787.1 
 117       117   998     785.9 
 118       118   998     789.4 
 119       119   998     786.2 
 120       120   998     786.2 
 121       180   554     739.4 
 122       240   554     738.6 
 123       300   553     739.4 
 124       360   551     736.8 
 125       420   553     732.4 
 126       480   551     738.3 
 127       540   552     744.7 
 128       600   551     734.7 
 129       780   550     718.9 
 130       960   547     708.0 
 131      1140   545     733.0 
 132      1320   548     704.7 
 133      1500   547     727.8 
 134      2040   544     700.2 
 135      2661   539     715.4 
 136      3375   540     709.4 
 137      4196   537     701.3 
 138      5140   536     708.4 
 139      6226   538     700.7 
 140      7475   537     691.2 
 141      8911   534     696.4 
 142     10562   533     708.4 
 143     12461   534     705.4 
 144     14645   530     701.7 
 145     17157   531     717.1 
 146     20046   530     701.1 
 147     23368   529     705.9 
 148     27188   528     698.3 
 149     31581   528     702.1 
 150     36633   528     701.3 
 151     42443   526     705.1 
 152     49125   525     708.6 
 153     56809   527     703.0 
 154     65646   524     707.3 
 155     75809   525     703.8 
 156     87496   525     704.2 
 157    100936   522     706.3 
 158    116392   521     715.5 
 159    134166   520     703.7 
 160    154606   520     721.2 
 161    178112   520     699.4 
 162    205144   520     707.7 
 163    236231   520     697.5 
 164    271981   520     697.9 
 165    313093   520     695.4 
 166    360372   520     707.3 
 167    414743   520     689.6 
 168    477270   520     694.0 
 169    542270   520     691.5 
 170    607270   520     702.7 
 171    672270   520     692.3 
 172    737270   520     698.7 
 173    802270   520     696.3 
 174    867270   520     691.3 
 175    932270   520     676.9 
 176    997270   520     706.7 
 177   1062270   520     687.3 
 178   1127270   520     679.0 
 179   1192270   520     691.5 
 180   1257270   520     691.5 
 181        80   954     739.1 
 182       160   957     758.3 
 183       240   957     764.1 
 184       320   958     767.8 
 185       400   958     771.8 
 186       480   956     774.8 
 187       560   956     782.3 
 188       640   956     773.5 
 189       720   956     774.9 
 190       800   956     781.9 
 191       880   955     772.1 
 192       960   957     782.1 
 193      1040   956     778.7 
 194      1120   957     781.0 
 195      1200   956     775.1 
 196      1280   956     775.6 
 197      1360   955     774.1 
 198      1440   955     779.4 
 199      1520   956     775.8 
 200      1600   955     777.3 
 201      1680   953     773.6 
 202      1760   953     780.8 
 203      1840   954     778.1 
 204      1920   953     782.9 
 205      2000   954     782.0 
 206      2080   955     777.9 
 207      2160   951     773.7 
 208      2240   953     780.7 
 209      2320   952     776.9 
 210      2400   953     773.0 
 211      2480   953     782.5 
 212      2560   954     770.8 
 213      2640   953     774.8 
 214      2720   953     778.4 
 215      2800   951     781.2 
 216      2880   953     787.6 
 217      2960   951     785.3 
 218      3040   950     776.1 
 219      3120   950     785.7 
 220      3200   952     776.4 
 221      3280   952     784.3 
 222      3360   950     782.1 
 223      3440   950     783.1 
 224      3520   949     777.3 
 225      3600   950     773.8 
 226      3680   949     779.3 
 227      3760   951     775.9 
 228      3840   950     775.5 
 229      3920   950     787.3 
 230      4000   950     772.8 
 231      4080   950     776.6 
 232      4160   949     776.2 
 233      4240   951     773.5 
 234      4320   950     790.3 
 235      4400   948     779.3 
 236      4480   948     788.4 
 237      4560   949     777.3 
 238      4640   947     780.6 
 239      4720   950     776.0 
 240      4800   950     775.2 
 241      4880   949     779.8 
 242      4960   948     780.0 
 243      5040   947     775.1 
 244      5120   949     775.4 
 245      5200   948     781.0 
 246      5280   946     777.8 
 247      5360   945     778.8 
 248      5440   947     777.3 
 249      5520   946     773.5 
 250      5600   947     778.7 
 251      5680   945     781.5 
 252      5760   945     778.1 
 253      5840   946     793.1 
 254      5920   945     772.8 
 255      6000   947     784.2 
 256      6080   945     783.0 
 257      6160   946     778.6 
 258      6240   946     783.8 
 259      6320   944     775.2 
 260      6400   945     781.8 
 261      6480   945     783.5 
 262      6560   944     784.9 
 263      6640   944     788.1 
 264      6720   944     776.6 
 265      6800   944     776.1 
 266      6880   945     785.8 
 267      6960   944     781.0 
 268      7040   943     781.8 
 269      7120   944     783.7 
 270      7200   944     782.8 
 271      7280   944     780.7 
 272      7360   943     775.9 
 273      7440   943     778.9 
 274      7520   944     776.4 
 275      7600   941     776.5 
 276      7680   943     771.4 
 277      7760   944     777.8 
 278      7840   943     784.6 
 279      7920   944     780.4 
 280      8000   942     779.7 
 281      8080   942     786.1 
 282      8160   942     782.4 
 283      8240   943     778.7 
 284      8320   943     785.5 
 285      8400   941     783.3 
 286      8480   941     780.6 
 287      8560   942     776.4 
 288      8640   941     784.1 
 289      8720   943     783.5 
 290      8800   943     776.2 
 291      8880   941     774.7 
 292      8960   943     782.0 
 293      9040   941     774.3 
 294      9120   942     778.3 
 295      9200   941     783.5 
 296      9280   941     778.9 
 297      9360   941     783.3 
 298      9440   942     779.4 
 299      9520   941     784.7 
 300      9600   941     777.6 
 301      9680   941     777.7 
 302      9760   940     778.4 
 303      9840   941     784.5 
 304      9920   940     776.2 
 305     10000   941     783.8 
 306     10080   940     775.0 
 307     10160   939     771.9 
 308     10240   941     777.0 
 309     10320   940     765.4 
 310     10400   940     779.6 
 311     10480   938     786.8 
 312     10560   937     779.6 
 313     10640   939     782.5 
 314     10720   939     773.8 
 315     10800   939     773.8 
 316     10880   939     774.9 
 317     10960   938     778.9 
 318     11040   941     778.1 
 319     11120   939     781.0 
 320     11200   939     775.7 
 321     11280   940     774.0 
 322     11360   939     776.5 
 323     11440   939     777.4 
 324     11520   940     779.8 
 325     11600   939     777.7 
 326     11680   936     778.1 
 327     11760   939     771.9 
 328     11840   938     784.5 
 329     11920   937     780.4 
 330     12000   939     774.9 
 331     12080   937     786.6 
 332     12160   938     785.4 
 333     12240   936     782.4 
 334     12320   936     775.6 
 335     12400   937     772.6 
 336     12480   938     774.1 
 337     12560   938     782.1 
 338     12640   938     780.3 
 339     12720   937     779.2 
 340     12800   937     785.8 
 341     12880   936     779.9 
 342     12960   937     787.8 
 343     13040   936     781.8 
 344     13120   937     779.8 
 345     13200   935     778.4 
 346     13280   937     771.5 
 347     13360   935     790.4 
 348     13440   936     776.0 
 349     13520   937     776.7 
 350     13600   937     773.5 
 351     13680   939     772.5 
 352     13760   935     776.6 
 353     13840   936     774.4 
 354     13920   935     767.0 
 355     14000   937     779.6 
 356     14080   935     780.0 
 357     14160   936     780.1 
 358     14240   935     780.5 
 359     14320   935     780.2 
 360     14400   935     774.3 
 361     14480   938     773.0 
 362     14560   937     775.9 
 363     14640   936     787.4 
 364     14720   935     782.1 
 365     14800   935     775.4 
 366     14880   936     771.0 
 367     14960   934     774.3 
 368     15040   935     774.5 
 369     15120   933     781.9 
 370     15200   936     775.9 
 371     15280   937     780.3 
 372     15360   936     773.0 
 373     15440   935     781.7 
 374     15520   936     779.6 
 375     15600   935     777.8 
 376     15680   934     785.1 
 377     15760   934     778.1 
 378     15840   934     769.1 
 379     15920   935     784.7 
 380     16000   935     776.7 
 381     16080   934     780.2 
 382     16160   934     779.6 
 383     16240   934     779.6 
 384     16320   936     769.0 
 385     16400   934     778.7 
 386     16480   935     776.5 
 387     16560   934     775.5 
 388     16640   935     770.7 
 389     16720   935     780.1 
 390     16800   934     772.1 
 391     16880   934     779.1 
 392     16960   935     777.2 
 393     17040   935     778.1 
 394     17120   934     777.2 
 395     17200   935     777.3 
 396     17280   935     780.2 
 397     17360   934     786.0 
 398     17440   936     777.4 
 399     17520   935     773.5 
 400     17600   935     772.8 
 401     17680   936     766.8 
 402     17760   934     779.7 
 403     17840   933     777.3 
 404     17920   934     777.6 
 405     18000   933     776.7 
 406     18080   935     779.4 
 407     18160   934     782.3 
 408     18240   935     774.8 
 409     18320   935     782.8 
 410     18400   933     774.9 
 411     18480   934     782.2 
 412     18560   934     782.7 
 413     18640   933     781.7 
 414     18720   934     773.3 
 415     18800   932     782.5 
 416     18880   933     782.9 
 417     18960   935     773.4 
 418     19040   934     775.3 
 419     19120   935     777.0 
 420     19200   933     783.2 
 421     19280   935     783.0 
 422     19360   934     777.1 
 423     19440   934     775.8 
 424     19520   933     782.7 
 425     19600   933     778.3 
 426     19680   933     783.1 
 427     19760   935     773.4 
 428     19840   933     782.3 
 429     19920   934     773.9 
 430     20000   933     783.1 
 431       100   506     744.7 
 432       200   507     739.8 
 433       300   507     746.0 
 434       400   509     742.0 
 435       500   508     741.5 
 436       600   509     733.8 
 437       900   501     736.1 
 438      1200   504     730.4 
 439      1500   502     735.1 
 440      2400   502     715.7 
 441      3435   502     707.4 
 442      4625   504     720.2 
 443      5993   505     710.7 
 444      7566   505     709.7 
 445      9375   506     700.0 
 446     11455   507     717.6 
 447     13847   508     719.5 
 448     16598   508     713.8 
 449     19762   510     709.0 
 450     23401   511     712.9 
 451     27586   509     705.5 
 452     32399   512     711.5 
 453     37934   510     709.2 
 454     44299   510     707.6 
 455     51619   512     704.1 
 456     60037   511     697.1 
 457     69718   511     714.1 
 458     80851   513     702.3 
 459     93654   511     708.0 
 460    108377   510     716.5 
 461    125308   511     705.7 
 462    144779   512     711.1 
 463    167171   509     700.0 
 464    192922   513     702.7 
 465    222536   511     710.8 
 466    256592   509     699.4 
 467    295756   510     707.5 
 468    340795   510     704.1 
 469    392590   509     695.3 
 470    452154   509     688.8 
