PC/104 FIRe Fluorometer 1.3.6
12/ 6/2019      2790
LED Color: blue
Gain:1400
Sample Delay (msec):  1000
Number Samples:  10
STF (usec):  120
STRP (#samples):   60
STRI (usec):   60
MTF (ms):    20
MTF (#samples):   250
MTRP (#samples):   40
MTRI (usec):  100
PQLen:     4
Ambient Light Source Power: On
PAR (uMol/m^2/s): 10.53
Num PAR Steps:   19
PAR Off Int (sec):    0
PAR On Int (sec):    0
Comment:

         Time    EX   Fl-Yield 
DATA--------------------------
   0         0     0       0.0 
   1         1   513    1520.1 
   2         2   910    1573.6 
   3         3   980    1590.2 
   4         4   992    1597.8 
   5         5   996    1593.4 
   6         6   996    1616.2 
   7         7   997    1609.4 
   8         8   997    1614.3 
   9         9   997    1620.1 
  10        10   997    1627.7 
  11        11   998    1631.7 
  12        12   998    1638.9 
  13        13   998    1644.6 
  14        14   997    1640.3 
  15        15   997    1641.0 
  16        16   997    1665.9 
  17        17   998    1662.3 
  18        18   999    1654.8 
  19        19   997    1657.3 
  20        20   998    1655.6 
  21        21   999    1652.4 
  22        22   999    1653.1 
  23        23   998    1660.2 
  24        24   998    1665.9 
  25        25   999    1660.7 
  26        26   999    1668.8 
  27        27   999    1672.5 
  28        28   998    1669.1 
  29        29   999    1671.4 
  30        30  1000    1673.9 
  31        31   998    1671.8 
  32        32   998    1671.5 
  33        33   998    1677.9 
  34        34   999    1671.6 
  35        35   997    1686.5 
  36        36   997    1684.0 
  37        37   999    1676.9 
  38        38   998    1681.4 
  39        39   999    1682.0 
  40        40   999    1683.0 
  41        41   999    1681.2 
  42        42   999    1682.8 
  43        43   999    1683.6 
  44        44   999    1689.8 
  45        45   999    1693.1 
  46        46   998    1691.1 
  47        47   998    1677.9 
  48        48   998    1685.6 
  49        49   998    1689.1 
  50        50   998    1690.0 
  51        51   998    1690.0 
  52        52   999    1688.4 
  53        53   998    1693.8 
  54        54   998    1696.4 
  55        55   998    1692.1 
  56        56   998    1691.6 
  57        57   998    1696.6 
  58        58   999    1688.8 
  59        59   999    1686.9 
  60        60   998    1688.4 
  61        61   997    1691.7 
  62        62   997    1699.5 
  63        63   998    1685.4 
  64        64   998    1692.2 
  65        65   998    1690.8 
  66        66   998    1687.2 
  67        67   999    1691.1 
  68        68   998    1694.7 
  69        69   998    1694.8 
  70        70   998    1696.7 
  71        71   999    1692.8 
  72        72   999    1690.8 
  73        73   997    1702.2 
  74        74   999    1695.5 
  75        75   998    1690.3 
  76        76   999    1694.4 
  77        77   997    1701.6 
  78        78   998    1696.0 
  79        79   998    1686.9 
  80        80   998    1695.6 
  81        81   998    1696.9 
  82        82   998    1696.7 
  83        83   998    1702.2 
  84        84   998    1697.2 
  85        85   998    1691.5 
  86        86   998    1697.7 
  87        87   998    1697.6 
  88        88   998    1694.8 
  89        89   998    1696.8 
  90        90   998    1696.2 
  91        91   998    1701.3 
  92        92   998    1698.7 
  93        93   998    1697.8 
  94        94   998    1689.5 
  95        95   998    1696.1 
  96        96   998    1697.6 
  97        97   998    1693.1 
  98        98   998    1700.5 
  99        99   998    1698.5 
 100       100   998    1695.1 
 101       101   998    1697.6 
 102       102   998    1699.4 
 103       103   998    1696.8 
 104       104   998    1703.3 
 105       105   998    1687.1 
 106       106   998    1699.8 
 107       107   998    1700.5 
 108       108   998    1697.1 
 109       109   998    1696.3 
 110       110   998    1693.6 
 111       111   998    1698.6 
 112       112   998    1693.9 
 113       113   998    1697.0 
 114       114   998    1700.4 
 115       115   998    1692.4 
 116       116   998    1698.9 
 117       117   998    1689.7 
 118       118   998    1689.6 
 119       119   998    1687.5 
 120       120   998    1687.5 
 121       180   554    1764.6 
 122       240   554    1779.2 
 123       300   553    1767.1 
 124       360   551    1761.7 
 125       420   553    1754.2 
 126       480   551    1763.3 
 127       540   552    1760.3 
 128       600   551    1718.9 
 129       780   550    1729.8 
 130       960   547    1730.5 
 131      1140   545    1702.0 
 132      1320   548    1688.7 
 133      1500   547    1663.4 
 134      2040   544    1646.1 
 135      2661   539    1653.1 
 136      3375   540    1630.7 
 137      4196   537    1615.8 
 138      5140   536    1633.2 
 139      6226   538    1632.7 
 140      7475   537    1582.5 
 141      8911   534    1613.7 
 142     10562   533    1603.6 
 143     12461   534    1587.8 
 144     14645   530    1617.7 
 145     17157   531    1595.1 
 146     20046   530    1607.7 
 147     23368   529    1604.0 
 148     27188   528    1583.9 
 149     31581   528    1586.6 
 150     36633   528    1591.5 
 151     42443   526    1597.5 
 152     49125   525    1588.6 
 153     56809   527    1588.0 
 154     65646   524    1605.3 
 155     75809   525    1581.3 
 156     87496   525    1580.0 
 157    100936   522    1591.0 
 158    116392   521    1595.0 
 159    134166   520    1593.1 
 160    154606   520    1608.8 
 161    178112   520    1597.1 
 162    205144   520    1574.8 
 163    236231   520    1603.3 
 164    271981   520    1580.4 
 165    313093   520    1569.0 
 166    360372   520    1568.3 
 167    414743   520    1590.6 
 168    477270   520    1606.0 
 169    542270   520    1600.0 
 170    607270   520    1553.1 
 171    672270   520    1598.5 
 172    737270   520    1566.0 
 173    802270   520    1590.2 
 174    867270   520    1598.1 
 175    932270   520    1590.2 
 176    997270   520    1603.5 
 177   1062270   520    1587.1 
 178   1127270   520    1594.2 
 179   1192270   520    1593.5 
 180   1257270   520    1593.5 
 181        80   954    1621.6 
 182       160   957    1701.5 
 183       240   957    1724.5 
 184       320   958    1738.2 
 185       400   958    1741.9 
 186       480   956    1749.4 
 187       560   956    1751.3 
 188       640   956    1754.6 
 189       720   956    1763.9 
 190       800   956    1761.5 
 191       880   955    1758.2 
 192       960   957    1749.7 
 193      1040   956    1767.1 
 194      1120   957    1759.5 
 195      1200   956    1764.6 
 196      1280   956    1754.8 
 197      1360   955    1762.6 
 198      1440   955    1760.8 
 199      1520   956    1762.0 
 200      1600   955    1766.8 
 201      1680   953    1767.4 
 202      1760   953    1761.7 
 203      1840   954    1764.0 
 204      1920   953    1762.3 
 205      2000   954    1764.9 
 206      2080   955    1765.4 
 207      2160   951    1771.8 
 208      2240   953    1762.2 
 209      2320   952    1764.5 
 210      2400   953    1771.0 
 211      2480   953    1773.0 
 212      2560   954    1767.4 
 213      2640   953    1766.1 
 214      2720   953    1764.0 
 215      2800   951    1761.2 
 216      2880   953    1767.4 
 217      2960   951    1771.5 
 218      3040   950    1774.7 
 219      3120   950    1769.1 
 220      3200   952    1774.9 
 221      3280   952    1773.6 
 222      3360   950    1772.3 
 223      3440   950    1775.4 
 224      3520   949    1771.8 
 225      3600   950    1760.6 
 226      3680   949    1775.8 
 227      3760   951    1771.1 
 228      3840   950    1780.0 
 229      3920   950    1772.3 
 230      4000   950    1774.3 
 231      4080   950    1766.9 
 232      4160   949    1770.7 
 233      4240   951    1777.2 
 234      4320   950    1778.5 
 235      4400   948    1774.8 
 236      4480   948    1765.0 
 237      4560   949    1770.2 
 238      4640   947    1779.7 
 239      4720   950    1769.5 
 240      4800   950    1779.6 
 241      4880   949    1779.8 
 242      4960   948    1778.3 
 243      5040   947    1782.3 
 244      5120   949    1769.0 
 245      5200   948    1778.3 
 246      5280   946    1772.8 
 247      5360   945    1775.4 
 248      5440   947    1782.0 
 249      5520   946    1772.8 
 250      5600   947    1781.9 
 251      5680   945    1774.2 
 252      5760   945    1785.2 
 253      5840   946    1788.6 
 254      5920   945    1787.4 
 255      6000   947    1778.5 
 256      6080   945    1774.0 
 257      6160   946    1776.0 
 258      6240   946    1790.5 
 259      6320   944    1786.8 
 260      6400   945    1781.5 
 261      6480   945    1777.0 
 262      6560   944    1780.9 
 263      6640   944    1782.5 
 264      6720   944    1779.8 
 265      6800   944    1784.7 
 266      6880   945    1775.0 
 267      6960   944    1781.1 
 268      7040   943    1790.7 
 269      7120   944    1783.8 
 270      7200   944    1784.2 
 271      7280   944    1778.4 
 272      7360   943    1785.5 
 273      7440   943    1791.7 
 274      7520   944    1785.0 
 275      7600   941    1787.9 
 276      7680   943    1781.9 
 277      7760   944    1793.6 
 278      7840   943    1789.5 
 279      7920   944    1780.3 
 280      8000   942    1792.0 
 281      8080   942    1787.4 
 282      8160   942    1788.1 
 283      8240   943    1792.3 
 284      8320   943    1780.6 
 285      8400   941    1789.6 
 286      8480   941    1788.0 
 287      8560   942    1792.8 
 288      8640   941    1783.2 
 289      8720   943    1784.6 
 290      8800   943    1787.6 
 291      8880   941    1791.9 
 292      8960   943    1788.8 
 293      9040   941    1795.7 
 294      9120   942    1779.9 
 295      9200   941    1788.1 
 296      9280   941    1787.6 
 297      9360   941    1798.5 
 298      9440   942    1783.3 
 299      9520   941    1792.7 
 300      9600   941    1786.3 
 301      9680   941    1793.9 
 302      9760   940    1795.6 
 303      9840   941    1788.0 
 304      9920   940    1797.8 
 305     10000   941    1787.2 
 306     10080   940    1789.5 
 307     10160   939    1791.8 
 308     10240   941    1780.9 
 309     10320   940    1785.7 
 310     10400   940    1781.5 
 311     10480   938    1791.2 
 312     10560   937    1784.6 
 313     10640   939    1787.8 
 314     10720   939    1787.0 
 315     10800   939    1783.7 
 316     10880   939    1794.6 
 317     10960   938    1793.8 
 318     11040   941    1791.3 
 319     11120   939    1788.6 
 320     11200   939    1795.2 
 321     11280   940    1790.0 
 322     11360   939    1785.7 
 323     11440   939    1791.8 
 324     11520   940    1773.3 
 325     11600   939    1784.5 
 326     11680   936    1783.8 
 327     11760   939    1794.6 
 328     11840   938    1787.0 
 329     11920   937    1799.8 
 330     12000   939    1785.9 
 331     12080   937    1787.8 
 332     12160   938    1784.1 
 333     12240   936    1794.6 
 334     12320   936    1791.1 
 335     12400   937    1792.1 
 336     12480   938    1789.2 
 337     12560   938    1785.0 
 338     12640   938    1790.4 
 339     12720   937    1790.6 
 340     12800   937    1786.0 
 341     12880   936    1792.8 
 342     12960   937    1788.0 
 343     13040   936    1795.6 
 344     13120   937    1794.7 
 345     13200   935    1789.4 
 346     13280   937    1791.5 
 347     13360   935    1789.7 
 348     13440   936    1791.5 
 349     13520   937    1794.6 
 350     13600   937    1792.2 
 351     13680   939    1790.3 
 352     13760   935    1802.9 
 353     13840   936    1793.8 
 354     13920   935    1785.8 
 355     14000   937    1788.8 
 356     14080   935    1798.7 
 357     14160   936    1800.7 
 358     14240   935    1797.2 
 359     14320   935    1800.5 
 360     14400   935    1794.9 
 361     14480   938    1791.0 
 362     14560   937    1787.2 
 363     14640   936    1789.9 
 364     14720   935    1808.3 
 365     14800   935    1803.6 
 366     14880   936    1787.0 
 367     14960   934    1797.2 
 368     15040   935    1800.2 
 369     15120   933    1800.9 
 370     15200   936    1790.4 
 371     15280   937    1796.2 
 372     15360   936    1808.1 
 373     15440   935    1790.1 
 374     15520   936    1791.2 
 375     15600   935    1795.4 
 376     15680   934    1791.1 
 377     15760   934    1793.9 
 378     15840   934    1798.4 
 379     15920   935    1797.6 
 380     16000   935    1793.9 
 381     16080   934    1803.9 
 382     16160   934    1791.9 
 383     16240   934    1793.4 
 384     16320   936    1801.2 
 385     16400   934    1804.4 
 386     16480   935    1793.0 
 387     16560   934    1792.7 
 388     16640   935    1793.9 
 389     16720   935    1788.0 
 390     16800   934    1791.4 
 391     16880   934    1798.7 
 392     16960   935    1798.3 
 393     17040   935    1796.0 
 394     17120   934    1800.4 
 395     17200   935    1795.8 
 396     17280   935    1796.6 
 397     17360   934    1795.8 
 398     17440   936    1792.8 
 399     17520   935    1792.7 
 400     17600   935    1795.9 
 401     17680   936    1798.1 
 402     17760   934    1795.3 
 403     17840   933    1800.3 
 404     17920   934    1799.4 
 405     18000   933    1789.9 
 406     18080   935    1790.8 
 407     18160   934    1801.7 
 408     18240   935    1792.0 
 409     18320   935    1793.6 
 410     18400   933    1799.9 
 411     18480   934    1799.9 
 412     18560   934    1810.3 
 413     18640   933    1809.0 
 414     18720   934    1798.0 
 415     18800   932    1799.8 
 416     18880   933    1800.0 
 417     18960   935    1792.7 
 418     19040   934    1798.5 
 419     19120   935    1800.1 
 420     19200   933    1812.2 
 421     19280   935    1800.4 
 422     19360   934    1798.5 
 423     19440   934    1798.6 
 424     19520   933    1805.4 
 425     19600   933    1802.9 
 426     19680   933    1800.8 
 427     19760   935    1792.8 
 428     19840   933    1802.7 
 429     19920   934    1802.7 
 430     20000   933    1805.5 
 431       100   506    1863.6 
 432       200   507    1854.6 
 433       300   507    1842.6 
 434       400   509    1863.1 
 435       500   508    1865.6 
 436       600   509    1823.6 
 437       900   501    1847.3 
 438      1200   504    1848.6 
 439      1500   502    1827.1 
 440      2400   502    1828.7 
 441      3435   502    1796.2 
 442      4625   504    1797.0 
 443      5993   505    1787.9 
 444      7566   505    1784.8 
 445      9375   506    1781.0 
 446     11455   507    1775.5 
 447     13847   508    1774.2 
 448     16598   508    1737.8 
 449     19762   510    1726.7 
 450     23401   511    1736.4 
 451     27586   509    1731.6 
 452     32399   512    1704.5 
 453     37934   510    1731.4 
 454     44299   510    1700.6 
 455     51619   512    1692.4 
 456     60037   511    1687.9 
 457     69718   511    1696.3 
 458     80851   513    1671.2 
 459     93654   511    1684.7 
 460    108377   510    1684.7 
 461    125308   511    1660.5 
 462    144779   512    1648.8 
 463    167171   509    1647.0 
 464    192922   513    1618.5 
 465    222536   511    1653.0 
 466    256592   509    1649.9 
 467    295756   510    1630.8 
 468    340795   510    1628.4 
 469    392590   509    1617.9 
 470    452154   509    1641.5 
