PC/104 FIRe Fluorometer 1.3.6
12/ 6/2019      2817
LED Color: blue
Gain:1400
Sample Delay (msec):  1000
Number Samples:  10
STF (usec):  120
STRP (#samples):   60
STRI (usec):   60
MTF (ms):    20
MTF (#samples):   250
MTRP (#samples):   40
MTRI (usec):  100
PQLen:     4
Ambient Light Source Power: On
PAR (uMol/m^2/s): 21.05
Num PAR Steps:   18
PAR Off Int (sec):    0
PAR On Int (sec):    0
Comment:

         Time    EX   Fl-Yield 
DATA--------------------------
   0         0     0       0.0 
   1         1   513    1418.7 
   2         2   910    1432.6 
   3         3   980    1446.5 
   4         4   992    1438.0 
   5         5   996    1444.7 
   6         6   996    1459.8 
   7         7   997    1466.2 
   8         8   997    1470.5 
   9         9   997    1479.7 
  10        10   997    1471.3 
  11        11   998    1476.5 
  12        12   998    1481.1 
  13        13   998    1489.1 
  14        14   997    1496.9 
  15        15   997    1497.0 
  16        16   997    1498.0 
  17        17   998    1497.7 
  18        18   999    1502.6 
  19        19   997    1495.7 
  20        20   998    1506.3 
  21        21   999    1507.2 
  22        22   999    1500.3 
  23        23   998    1510.4 
  24        24   998    1509.4 
  25        25   999    1514.7 
  26        26   999    1516.2 
  27        27   999    1521.5 
  28        28   998    1510.0 
  29        29   999    1511.4 
  30        30  1000    1516.4 
  31        31   998    1527.1 
  32        32   998    1518.9 
  33        33   998    1513.7 
  34        34   999    1523.5 
  35        35   997    1532.3 
  36        36   997    1533.7 
  37        37   999    1530.1 
  38        38   998    1520.4 
  39        39   999    1530.7 
  40        40   999    1526.2 
  41        41   999    1510.0 
  42        42   999    1526.0 
  43        43   999    1534.7 
  44        44   999    1527.0 
  45        45   999    1525.5 
  46        46   998    1531.0 
  47        47   998    1531.6 
  48        48   998    1532.1 
  49        49   998    1534.5 
  50        50   998    1537.9 
  51        51   998    1532.5 
  52        52   999    1529.9 
  53        53   998    1529.3 
  54        54   998    1530.3 
  55        55   998    1542.0 
  56        56   998    1547.6 
  57        57   998    1543.5 
  58        58   999    1543.9 
  59        59   999    1529.6 
  60        60   998    1542.7 
  61        61   997    1540.5 
  62        62   997    1539.8 
  63        63   998    1540.8 
  64        64   998    1531.6 
  65        65   998    1533.1 
  66        66   998    1536.1 
  67        67   999    1539.8 
  68        68   998    1541.0 
  69        69   998    1529.9 
  70        70   998    1537.2 
  71        71   999    1538.1 
  72        72   999    1538.2 
  73        73   997    1538.7 
  74        74   999    1534.0 
  75        75   998    1538.3 
  76        76   999    1540.3 
  77        77   997    1534.7 
  78        78   998    1542.4 
  79        79   998    1541.2 
  80        80   998    1538.6 
  81        81   998    1535.1 
  82        82   998    1537.2 
  83        83   998    1541.0 
  84        84   998    1544.8 
  85        85   998    1534.5 
  86        86   998    1538.5 
  87        87   998    1537.6 
  88        88   998    1538.4 
  89        89   998    1535.8 
  90        90   998    1541.4 
  91        91   998    1525.2 
  92        92   998    1536.9 
  93        93   998    1533.9 
  94        94   998    1535.6 
  95        95   998    1542.3 
  96        96   998    1546.9 
  97        97   998    1537.6 
  98        98   998    1536.7 
  99        99   998    1537.2 
 100       100   998    1540.1 
 101       101   998    1544.0 
 102       102   998    1548.4 
 103       103   998    1535.0 
 104       104   998    1533.5 
 105       105   998    1541.5 
 106       106   998    1542.2 
 107       107   998    1545.0 
 108       108   998    1547.6 
 109       109   998    1536.9 
 110       110   998    1531.7 
 111       111   998    1537.4 
 112       112   998    1543.4 
 113       113   998    1534.8 
 114       114   998    1539.9 
 115       115   998    1536.7 
 116       116   998    1540.0 
 117       117   998    1540.1 
 118       118   998    1529.7 
 119       119   998    1546.1 
 120       120   998    1546.1 
 121       180   554    1534.5 
 122       240   554    1557.4 
 123       300   553    1558.8 
 124       360   551    1554.1 
 125       420   553    1564.7 
 126       480   551    1551.2 
 127       540   552    1531.2 
 128       600   551    1530.7 
 129       780   550    1526.4 
 130       960   547    1502.2 
 131      1140   545    1518.0 
 132      1320   548    1485.8 
 133      1500   547    1478.6 
 134      2040   544    1458.3 
 135      2661   539    1461.0 
 136      3375   540    1473.1 
 137      4196   537    1448.8 
 138      5140   536    1430.4 
 139      6226   538    1451.1 
 140      7475   537    1411.0 
 141      8911   534    1440.1 
 142     10562   533    1425.7 
 143     12461   534    1405.6 
 144     14645   530    1437.0 
 145     17157   531    1402.8 
 146     20046   530    1431.3 
 147     23368   529    1400.6 
 148     27188   528    1412.7 
 149     31581   528    1430.7 
 150     36633   528    1412.5 
 151     42443   526    1408.9 
 152     49125   525    1427.6 
 153     56809   527    1415.4 
 154     65646   524    1436.3 
 155     75809   525    1427.2 
 156     87496   525    1417.9 
 157    100936   522    1431.6 
 158    116392   521    1423.6 
 159    134166   520    1420.6 
 160    154606   520    1431.0 
 161    178112   520    1421.5 
 162    205144   520    1443.1 
 163    236231   520    1434.4 
 164    271981   520    1420.0 
 165    313093   520    1411.9 
 166    360372   520    1393.7 
 167    414743   520    1417.7 
 168    477270   520    1407.5 
 169    542270   520    1397.1 
 170    607270   520    1401.3 
 171    672270   520    1405.8 
 172    737270   520    1421.2 
 173    802270   520    1402.3 
 174    867270   520    1388.1 
 175    932270   520    1411.0 
 176    997270   520    1397.9 
 177   1062270   520    1418.5 
 178   1127270   520    1396.9 
 179   1192270   520    1404.2 
 180   1257270   520    1404.2 
 181        80   954    1455.2 
 182       160   957    1504.1 
 183       240   957    1529.2 
 184       320   958    1537.6 
 185       400   958    1550.5 
 186       480   956    1553.1 
 187       560   956    1550.9 
 188       640   956    1558.9 
 189       720   956    1559.1 
 190       800   956    1554.9 
 191       880   955    1549.0 
 192       960   957    1558.4 
 193      1040   956    1548.8 
 194      1120   957    1556.7 
 195      1200   956    1562.6 
 196      1280   956    1574.4 
 197      1360   955    1557.4 
 198      1440   955    1559.3 
 199      1520   956    1562.4 
 200      1600   955    1561.4 
 201      1680   953    1565.8 
 202      1760   953    1559.8 
 203      1840   954    1560.4 
 204      1920   953    1573.0 
 205      2000   954    1557.8 
 206      2080   955    1562.7 
 207      2160   951    1570.2 
 208      2240   953    1568.0 
 209      2320   952    1562.6 
 210      2400   953    1559.9 
 211      2480   953    1559.6 
 212      2560   954    1560.6 
 213      2640   953    1567.6 
 214      2720   953    1561.9 
 215      2800   951    1565.9 
 216      2880   953    1569.8 
 217      2960   951    1562.6 
 218      3040   950    1569.6 
 219      3120   950    1565.9 
 220      3200   952    1573.0 
 221      3280   952    1566.8 
 222      3360   950    1572.1 
 223      3440   950    1556.0 
 224      3520   949    1569.0 
 225      3600   950    1571.4 
 226      3680   949    1580.3 
 227      3760   951    1565.6 
 228      3840   950    1564.7 
 229      3920   950    1567.8 
 230      4000   950    1564.2 
 231      4080   950    1568.7 
 232      4160   949    1574.6 
 233      4240   951    1559.7 
 234      4320   950    1572.9 
 235      4400   948    1576.1 
 236      4480   948    1574.7 
 237      4560   949    1562.8 
 238      4640   947    1569.8 
 239      4720   950    1566.6 
 240      4800   950    1566.1 
 241      4880   949    1562.8 
 242      4960   948    1569.0 
 243      5040   947    1571.8 
 244      5120   949    1576.5 
 245      5200   948    1570.7 
 246      5280   946    1575.5 
 247      5360   945    1576.4 
 248      5440   947    1575.7 
 249      5520   946    1572.3 
 250      5600   947    1572.1 
 251      5680   945    1582.4 
 252      5760   945    1577.5 
 253      5840   946    1568.3 
 254      5920   945    1579.7 
 255      6000   947    1575.3 
 256      6080   945    1572.7 
 257      6160   946    1567.2 
 258      6240   946    1570.7 
 259      6320   944    1577.3 
 260      6400   945    1571.3 
 261      6480   945    1568.5 
 262      6560   944    1577.0 
 263      6640   944    1573.0 
 264      6720   944    1573.9 
 265      6800   944    1574.8 
 266      6880   945    1567.8 
 267      6960   944    1576.6 
 268      7040   943    1575.0 
 269      7120   944    1572.2 
 270      7200   944    1567.1 
 271      7280   944    1575.6 
 272      7360   943    1576.1 
 273      7440   943    1578.0 
 274      7520   944    1565.7 
 275      7600   941    1578.6 
 276      7680   943    1574.9 
 277      7760   944    1569.0 
 278      7840   943    1573.1 
 279      7920   944    1573.3 
 280      8000   942    1573.7 
 281      8080   942    1586.3 
 282      8160   942    1577.1 
 283      8240   943    1575.5 
 284      8320   943    1570.3 
 285      8400   941    1577.3 
 286      8480   941    1579.2 
 287      8560   942    1578.6 
 288      8640   941    1578.3 
 289      8720   943    1561.5 
 290      8800   943    1573.8 
 291      8880   941    1571.4 
 292      8960   943    1580.6 
 293      9040   941    1579.5 
 294      9120   942    1563.0 
 295      9200   941    1572.3 
 296      9280   941    1570.5 
 297      9360   941    1573.3 
 298      9440   942    1579.5 
 299      9520   941    1574.6 
 300      9600   941    1572.6 
 301      9680   941    1578.3 
 302      9760   940    1574.3 
 303      9840   941    1575.8 
 304      9920   940    1567.8 
 305     10000   941    1573.6 
 306     10080   940    1578.4 
 307     10160   939    1579.2 
 308     10240   941    1572.3 
 309     10320   940    1584.0 
 310     10400   940    1575.4 
 311     10480   938    1578.8 
 312     10560   937    1573.3 
 313     10640   939    1569.9 
 314     10720   939    1570.9 
 315     10800   939    1577.0 
 316     10880   939    1585.1 
 317     10960   938    1576.3 
 318     11040   941    1575.8 
 319     11120   939    1574.9 
 320     11200   939    1572.5 
 321     11280   940    1577.2 
 322     11360   939    1582.1 
 323     11440   939    1568.3 
 324     11520   940    1564.8 
 325     11600   939    1575.3 
 326     11680   936    1581.4 
 327     11760   939    1585.2 
 328     11840   938    1572.4 
 329     11920   937    1584.0 
 330     12000   939    1573.6 
 331     12080   937    1581.5 
 332     12160   938    1576.3 
 333     12240   936    1580.1 
 334     12320   936    1577.5 
 335     12400   937    1573.5 
 336     12480   938    1572.3 
 337     12560   938    1580.5 
 338     12640   938    1577.7 
 339     12720   937    1582.3 
 340     12800   937    1576.4 
 341     12880   936    1581.1 
 342     12960   937    1579.2 
 343     13040   936    1580.4 
 344     13120   937    1579.4 
 345     13200   935    1575.3 
 346     13280   937    1584.6 
 347     13360   935    1583.7 
 348     13440   936    1581.4 
 349     13520   937    1582.4 
 350     13600   937    1576.1 
 351     13680   939    1574.5 
 352     13760   935    1581.0 
 353     13840   936    1572.1 
 354     13920   935    1578.6 
 355     14000   937    1584.1 
 356     14080   935    1572.6 
 357     14160   936    1576.2 
 358     14240   935    1586.7 
 359     14320   935    1582.2 
 360     14400   935    1581.0 
 361     14480   938    1581.8 
 362     14560   937    1582.7 
 363     14640   936    1579.9 
 364     14720   935    1577.0 
 365     14800   935    1579.8 
 366     14880   936    1573.2 
 367     14960   934    1581.6 
 368     15040   935    1576.0 
 369     15120   933    1589.6 
 370     15200   936    1578.0 
 371     15280   937    1575.2 
 372     15360   936    1579.7 
 373     15440   935    1593.4 
 374     15520   936    1578.8 
 375     15600   935    1574.4 
 376     15680   934    1585.3 
 377     15760   934    1589.9 
 378     15840   934    1582.4 
 379     15920   935    1573.4 
 380     16000   935    1583.7 
 381     16080   934    1574.9 
 382     16160   934    1581.4 
 383     16240   934    1580.2 
 384     16320   936    1573.6 
 385     16400   934    1576.3 
 386     16480   935    1581.7 
 387     16560   934    1584.9 
 388     16640   935    1576.4 
 389     16720   935    1569.9 
 390     16800   934    1581.2 
 391     16880   934    1586.5 
 392     16960   935    1579.8 
 393     17040   935    1588.9 
 394     17120   934    1579.6 
 395     17200   935    1579.8 
 396     17280   935    1581.1 
 397     17360   934    1578.3 
 398     17440   936    1578.0 
 399     17520   935    1574.9 
 400     17600   935    1582.0 
 401     17680   936    1577.1 
 402     17760   934    1576.7 
 403     17840   933    1578.9 
 404     17920   934    1588.8 
 405     18000   933    1587.2 
 406     18080   935    1587.7 
 407     18160   934    1583.8 
 408     18240   935    1575.5 
 409     18320   935    1579.3 
 410     18400   933    1585.1 
 411     18480   934    1571.8 
 412     18560   934    1590.0 
 413     18640   933    1573.4 
 414     18720   934    1579.9 
 415     18800   932    1586.6 
 416     18880   933    1588.5 
 417     18960   935    1582.2 
 418     19040   934    1585.8 
 419     19120   935    1580.0 
 420     19200   933    1583.8 
 421     19280   935    1574.4 
 422     19360   934    1586.2 
 423     19440   934    1583.7 
 424     19520   933    1585.1 
 425     19600   933    1579.2 
 426     19680   933    1584.8 
 427     19760   935    1589.1 
 428     19840   933    1590.4 
 429     19920   934    1582.8 
 430     20000   933    1583.9 
 431       100   506    1604.7 
 432       200   507    1599.8 
 433       300   507    1592.1 
 434       400   509    1577.6 
 435       500   508    1574.8 
 436       600   509    1582.7 
 437       900   501    1595.0 
 438      1200   504    1558.1 
 439      1500   502    1579.5 
 440      2400   502    1554.8 
 441      3435   502    1548.8 
 442      4625   504    1539.3 
 443      5993   505    1526.5 
 444      7566   505    1529.1 
 445      9375   506    1507.7 
 446     11455   507    1541.2 
 447     13847   508    1503.5 
 448     16598   508    1491.3 
 449     19762   510    1483.7 
 450     23401   511    1497.1 
 451     27586   509    1458.7 
 452     32399   512    1467.6 
 453     37934   510    1463.1 
 454     44299   510    1456.5 
 455     51619   512    1451.6 
 456     60037   511    1451.7 
 457     69718   511    1460.7 
 458     80851   513    1438.2 
 459     93654   511    1434.8 
 460    108377   510    1450.2 
 461    125308   511    1437.2 
 462    144779   512    1414.8 
 463    167171   509    1425.9 
 464    192922   513    1415.6 
 465    222536   511    1430.5 
 466    256592   509    1425.5 
 467    295756   510    1412.5 
 468    340795   510    1408.4 
 469    392590   509    1414.1 
 470    452154   509    1433.4 
