PC/104 FIRe Fluorometer 1.3.6
12/ 6/2019      2897
LED Color: blue
Gain:1400
Sample Delay (msec):  1000
Number Samples:  10
STF (usec):  120
STRP (#samples):   60
STRI (usec):   60
MTF (ms):    20
MTF (#samples):   250
MTRP (#samples):   40
MTRI (usec):  100
PQLen:     4
Ambient Light Source Power: On
PAR (uMol/m^2/s): 52.63
Num PAR Steps:   15
PAR Off Int (sec):    0
PAR On Int (sec):    0
Comment:

         Time    EX   Fl-Yield 
DATA--------------------------
   0         0     0       0.0 
   1         1   513    1028.1 
   2         2   910    1080.9 
   3         3   980    1095.7 
   4         4   992    1100.3 
   5         5   996    1107.9 
   6         6   996    1115.3 
   7         7   997    1119.0 
   8         8   997    1112.5 
   9         9   997    1119.5 
  10        10   997    1121.5 
  11        11   998    1113.7 
  12        12   998    1125.9 
  13        13   998    1124.8 
  14        14   997    1130.6 
  15        15   997    1127.9 
  16        16   997    1121.8 
  17        17   998    1133.8 
  18        18   999    1140.1 
  19        19   997    1128.6 
  20        20   998    1127.0 
  21        21   999    1123.0 
  22        22   999    1136.3 
  23        23   998    1135.9 
  24        24   998    1135.5 
  25        25   999    1139.8 
  26        26   999    1138.6 
  27        27   999    1130.9 
  28        28   998    1132.7 
  29        29   999    1143.3 
  30        30  1000    1147.1 
  31        31   998    1137.4 
  32        32   998    1141.9 
  33        33   998    1149.9 
  34        34   999    1144.1 
  35        35   997    1144.0 
  36        36   997    1154.1 
  37        37   999    1145.6 
  38        38   998    1145.5 
  39        39   999    1146.3 
  40        40   999    1149.2 
  41        41   999    1155.1 
  42        42   999    1147.1 
  43        43   999    1145.3 
  44        44   999    1146.9 
  45        45   999    1148.5 
  46        46   998    1145.1 
  47        47   998    1157.6 
  48        48   998    1154.1 
  49        49   998    1150.0 
  50        50   998    1157.3 
  51        51   998    1153.6 
  52        52   999    1159.5 
  53        53   998    1161.8 
  54        54   998    1147.6 
  55        55   998    1152.9 
  56        56   998    1154.5 
  57        57   998    1156.3 
  58        58   999    1157.7 
  59        59   999    1155.4 
  60        60   998    1163.5 
  61        61   997    1158.9 
  62        62   997    1157.6 
  63        63   998    1154.0 
  64        64   998    1160.0 
  65        65   998    1147.6 
  66        66   998    1151.7 
  67        67   999    1151.0 
  68        68   998    1152.7 
  69        69   998    1155.8 
  70        70   998    1163.1 
  71        71   999    1154.2 
  72        72   999    1155.6 
  73        73   997    1158.4 
  74        74   999    1161.0 
  75        75   998    1164.7 
  76        76   999    1154.4 
  77        77   997    1156.9 
  78        78   998    1164.0 
  79        79   998    1162.2 
  80        80   998    1168.2 
  81        81   998    1167.1 
  82        82   998    1157.4 
  83        83   998    1160.4 
  84        84   998    1159.1 
  85        85   998    1162.6 
  86        86   998    1163.5 
  87        87   998    1156.0 
  88        88   998    1158.8 
  89        89   998    1159.9 
  90        90   998    1163.2 
  91        91   998    1159.5 
  92        92   998    1159.6 
  93        93   998    1150.0 
  94        94   998    1159.2 
  95        95   998    1156.4 
  96        96   998    1160.9 
  97        97   998    1155.7 
  98        98   998    1157.9 
  99        99   998    1154.8 
 100       100   998    1157.2 
 101       101   998    1151.5 
 102       102   998    1160.4 
 103       103   998    1164.4 
 104       104   998    1162.0 
 105       105   998    1157.6 
 106       106   998    1147.9 
 107       107   998    1160.6 
 108       108   998    1154.6 
 109       109   998    1163.6 
 110       110   998    1157.4 
 111       111   998    1160.4 
 112       112   998    1165.7 
 113       113   998    1154.0 
 114       114   998    1154.8 
 115       115   998    1155.1 
 116       116   998    1155.7 
 117       117   998    1159.4 
 118       118   998    1155.6 
 119       119   998    1157.0 
 120       120   998    1157.0 
 121       180   554    1133.9 
 122       240   554    1132.3 
 123       300   553    1126.4 
 124       360   551    1135.8 
 125       420   553    1135.8 
 126       480   551    1116.3 
 127       540   552    1119.7 
 128       600   551    1088.0 
 129       780   550    1099.8 
 130       960   547    1091.6 
 131      1140   545    1090.5 
 132      1320   548    1081.2 
 133      1500   547    1071.7 
 134      2040   544    1064.7 
 135      2661   539    1090.5 
 136      3375   540    1067.6 
 137      4196   537    1070.2 
 138      5140   536    1053.7 
 139      6226   538    1043.9 
 140      7475   537    1040.0 
 141      8911   534    1069.3 
 142     10562   533    1065.3 
 143     12461   534    1055.6 
 144     14645   530    1058.7 
 145     17157   531    1058.9 
 146     20046   530    1046.4 
 147     23368   529    1061.1 
 148     27188   528    1050.0 
 149     31581   528    1048.9 
 150     36633   528    1075.6 
 151     42443   526    1044.7 
 152     49125   525    1052.6 
 153     56809   527    1053.3 
 154     65646   524    1062.8 
 155     75809   525    1050.5 
 156     87496   525    1037.1 
 157    100936   522    1048.9 
 158    116392   521    1057.6 
 159    134166   520    1063.3 
 160    154606   520    1056.7 
 161    178112   520    1057.7 
 162    205144   520    1057.9 
 163    236231   520    1039.0 
 164    271981   520    1044.8 
 165    313093   520    1043.5 
 166    360372   520    1049.2 
 167    414743   520    1041.2 
 168    477270   520    1050.8 
 169    542270   520    1055.0 
 170    607270   520    1033.7 
 171    672270   520    1030.4 
 172    737270   520    1051.9 
 173    802270   520    1026.7 
 174    867270   520    1028.1 
 175    932270   520    1043.5 
 176    997270   520    1030.8 
 177   1062270   520    1015.6 
 178   1127270   520    1036.0 
 179   1192270   520    1030.6 
 180   1257270   520    1030.6 
 181        80   954    1085.4 
 182       160   957    1136.4 
 183       240   957    1153.0 
 184       320   958    1156.7 
 185       400   958    1169.1 
 186       480   956    1163.0 
 187       560   956    1173.2 
 188       640   956    1167.6 
 189       720   956    1164.4 
 190       800   956    1180.5 
 191       880   955    1177.2 
 192       960   957    1175.3 
 193      1040   956    1169.0 
 194      1120   957    1171.6 
 195      1200   956    1168.2 
 196      1280   956    1167.3 
 197      1360   955    1164.9 
 198      1440   955    1177.9 
 199      1520   956    1170.2 
 200      1600   955    1182.5 
 201      1680   953    1178.9 
 202      1760   953    1175.3 
 203      1840   954    1177.4 
 204      1920   953    1181.1 
 205      2000   954    1178.1 
 206      2080   955    1166.7 
 207      2160   951    1175.1 
 208      2240   953    1181.3 
 209      2320   952    1175.0 
 210      2400   953    1172.0 
 211      2480   953    1187.6 
 212      2560   954    1177.9 
 213      2640   953    1170.9 
 214      2720   953    1173.9 
 215      2800   951    1180.2 
 216      2880   953    1174.9 
 217      2960   951    1181.3 
 218      3040   950    1182.9 
 219      3120   950    1177.9 
 220      3200   952    1173.2 
 221      3280   952    1182.2 
 222      3360   950    1184.4 
 223      3440   950    1185.7 
 224      3520   949    1187.4 
 225      3600   950    1175.4 
 226      3680   949    1180.9 
 227      3760   951    1182.8 
 228      3840   950    1178.4 
 229      3920   950    1174.3 
 230      4000   950    1179.6 
 231      4080   950    1176.3 
 232      4160   949    1182.2 
 233      4240   951    1173.9 
 234      4320   950    1173.3 
 235      4400   948    1183.6 
 236      4480   948    1178.3 
 237      4560   949    1177.6 
 238      4640   947    1180.0 
 239      4720   950    1174.7 
 240      4800   950    1170.3 
 241      4880   949    1176.4 
 242      4960   948    1177.7 
 243      5040   947    1178.9 
 244      5120   949    1173.6 
 245      5200   948    1174.1 
 246      5280   946    1183.5 
 247      5360   945    1194.6 
 248      5440   947    1179.0 
 249      5520   946    1187.9 
 250      5600   947    1186.4 
 251      5680   945    1177.2 
 252      5760   945    1178.9 
 253      5840   946    1180.9 
 254      5920   945    1181.4 
 255      6000   947    1182.7 
 256      6080   945    1180.1 
 257      6160   946    1187.3 
 258      6240   946    1186.4 
 259      6320   944    1177.1 
 260      6400   945    1178.4 
 261      6480   945    1178.5 
 262      6560   944    1179.9 
 263      6640   944    1180.4 
 264      6720   944    1171.4 
 265      6800   944    1178.6 
 266      6880   945    1187.7 
 267      6960   944    1186.9 
 268      7040   943    1177.8 
 269      7120   944    1176.2 
 270      7200   944    1181.5 
 271      7280   944    1181.4 
 272      7360   943    1182.9 
 273      7440   943    1176.2 
 274      7520   944    1186.3 
 275      7600   941    1182.3 
 276      7680   943    1178.6 
 277      7760   944    1181.1 
 278      7840   943    1182.9 
 279      7920   944    1189.9 
 280      8000   942    1180.8 
 281      8080   942    1178.8 
 282      8160   942    1185.5 
 283      8240   943    1178.6 
 284      8320   943    1175.3 
 285      8400   941    1181.3 
 286      8480   941    1179.8 
 287      8560   942    1182.2 
 288      8640   941    1186.3 
 289      8720   943    1184.6 
 290      8800   943    1179.1 
 291      8880   941    1181.5 
 292      8960   943    1182.8 
 293      9040   941    1180.4 
 294      9120   942    1182.9 
 295      9200   941    1191.4 
 296      9280   941    1180.7 
 297      9360   941    1181.5 
 298      9440   942    1179.8 
 299      9520   941    1177.4 
 300      9600   941    1180.6 
 301      9680   941    1179.7 
 302      9760   940    1176.4 
 303      9840   941    1185.7 
 304      9920   940    1192.7 
 305     10000   941    1178.4 
 306     10080   940    1182.6 
 307     10160   939    1180.2 
 308     10240   941    1177.4 
 309     10320   940    1182.7 
 310     10400   940    1178.1 
 311     10480   938    1172.3 
 312     10560   937    1183.2 
 313     10640   939    1177.4 
 314     10720   939    1172.8 
 315     10800   939    1185.0 
 316     10880   939    1185.4 
 317     10960   938    1177.5 
 318     11040   941    1180.6 
 319     11120   939    1182.6 
 320     11200   939    1168.9 
 321     11280   940    1174.0 
 322     11360   939    1189.0 
 323     11440   939    1177.6 
 324     11520   940    1183.1 
 325     11600   939    1175.3 
 326     11680   936    1190.5 
 327     11760   939    1172.4 
 328     11840   938    1174.3 
 329     11920   937    1189.4 
 330     12000   939    1181.7 
 331     12080   937    1179.7 
 332     12160   938    1187.5 
 333     12240   936    1175.2 
 334     12320   936    1181.1 
 335     12400   937    1174.7 
 336     12480   938    1182.4 
 337     12560   938    1185.1 
 338     12640   938    1177.3 
 339     12720   937    1183.5 
 340     12800   937    1190.2 
 341     12880   936    1183.4 
 342     12960   937    1194.5 
 343     13040   936    1181.2 
 344     13120   937    1188.6 
 345     13200   935    1178.7 
 346     13280   937    1165.7 
 347     13360   935    1193.9 
 348     13440   936    1175.2 
 349     13520   937    1179.0 
 350     13600   937    1177.3 
 351     13680   939    1170.8 
 352     13760   935    1185.3 
 353     13840   936    1182.1 
 354     13920   935    1182.4 
 355     14000   937    1173.7 
 356     14080   935    1178.8 
 357     14160   936    1181.8 
 358     14240   935    1183.7 
 359     14320   935    1183.2 
 360     14400   935    1178.3 
 361     14480   938    1188.9 
 362     14560   937    1185.2 
 363     14640   936    1178.5 
 364     14720   935    1183.6 
 365     14800   935    1192.7 
 366     14880   936    1187.9 
 367     14960   934    1184.0 
 368     15040   935    1187.2 
 369     15120   933    1186.4 
 370     15200   936    1175.0 
 371     15280   937    1183.0 
 372     15360   936    1181.2 
 373     15440   935    1179.1 
 374     15520   936    1181.9 
 375     15600   935    1190.4 
 376     15680   934    1188.1 
 377     15760   934    1184.6 
 378     15840   934    1183.2 
 379     15920   935    1184.0 
 380     16000   935    1179.1 
 381     16080   934    1186.0 
 382     16160   934    1178.5 
 383     16240   934    1189.0 
 384     16320   936    1191.8 
 385     16400   934    1182.9 
 386     16480   935    1178.1 
 387     16560   934    1180.4 
 388     16640   935    1179.8 
 389     16720   935    1184.1 
 390     16800   934    1176.0 
 391     16880   934    1180.6 
 392     16960   935    1179.3 
 393     17040   935    1176.1 
 394     17120   934    1190.0 
 395     17200   935    1185.2 
 396     17280   935    1182.0 
 397     17360   934    1196.9 
 398     17440   936    1184.1 
 399     17520   935    1187.1 
 400     17600   935    1182.7 
 401     17680   936    1176.0 
 402     17760   934    1176.1 
 403     17840   933    1184.2 
 404     17920   934    1190.1 
 405     18000   933    1186.4 
 406     18080   935    1185.0 
 407     18160   934    1185.9 
 408     18240   935    1172.4 
 409     18320   935    1191.0 
 410     18400   933    1186.7 
 411     18480   934    1195.1 
 412     18560   934    1181.9 
 413     18640   933    1175.7 
 414     18720   934    1177.7 
 415     18800   932    1182.7 
 416     18880   933    1185.0 
 417     18960   935    1172.9 
 418     19040   934    1192.1 
 419     19120   935    1185.6 
 420     19200   933    1192.9 
 421     19280   935    1185.7 
 422     19360   934    1180.7 
 423     19440   934    1189.6 
 424     19520   933    1187.1 
 425     19600   933    1183.1 
 426     19680   933    1193.5 
 427     19760   935    1179.9 
 428     19840   933    1190.0 
 429     19920   934    1187.0 
 430     20000   933    1187.8 
 431       100   506    1140.1 
 432       200   507    1135.5 
 433       300   507    1158.6 
 434       400   509    1146.6 
 435       500   508    1137.6 
 436       600   509    1130.3 
 437       900   501    1148.9 
 438      1200   504    1106.2 
 439      1500   502    1125.9 
 440      2400   502    1123.7 
 441      3435   502    1118.5 
 442      4625   504    1090.9 
 443      5993   505    1105.3 
 444      7566   505    1091.5 
 445      9375   506    1093.9 
 446     11455   507    1069.0 
 447     13847   508    1084.1 
 448     16598   508    1086.8 
 449     19762   510    1085.3 
 450     23401   511    1066.7 
 451     27586   509    1084.5 
 452     32399   512    1088.3 
 453     37934   510    1063.5 
 454     44299   510    1076.9 
 455     51619   512    1077.0 
 456     60037   511    1066.5 
 457     69718   511    1081.6 
 458     80851   513    1061.4 
 459     93654   511    1085.5 
 460    108377   510    1062.4 
 461    125308   511    1067.9 
 462    144779   512    1055.7 
 463    167171   509    1045.2 
 464    192922   513    1066.5 
 465    222536   511    1074.0 
 466    256592   509    1067.2 
 467    295756   510    1056.5 
 468    340795   510    1035.1 
 469    392590   509    1061.5 
 470    452154   509    1050.1 
