PC/104 FIRe Fluorometer 1.3.6
12/ 6/2019      3218
LED Color: blue
Gain:1400
Sample Delay (msec):  1000
Number Samples:  10
STF (usec):  120
STRP (#samples):   60
STRI (usec):   60
MTF (ms):    20
MTF (#samples):   250
MTRP (#samples):   40
MTRI (usec):  100
PQLen:     4
Ambient Light Source Power: On
PAR (uMol/m^2/s):178.95
Num PAR Steps:    3
PAR Off Int (sec):    0
PAR On Int (sec):    0
Comment:

         Time    EX   Fl-Yield 
DATA--------------------------
   0         0     0       0.0 
   1         1   513     553.0 
   2         2   910     598.9 
   3         3   980     598.8 
   4         4   992     602.2 
   5         5   996     598.4 
   6         6   996     593.9 
   7         7   997     608.7 
   8         8   997     611.5 
   9         9   997     600.8 
  10        10   997     598.7 
  11        11   998     605.8 
  12        12   998     605.0 
  13        13   998     608.7 
  14        14   997     604.9 
  15        15   997     618.0 
  16        16   997     611.5 
  17        17   998     614.4 
  18        18   999     616.8 
  19        19   997     612.3 
  20        20   998     615.2 
  21        21   999     606.7 
  22        22   999     611.3 
  23        23   998     612.1 
  24        24   998     619.2 
  25        25   999     609.3 
  26        26   999     610.3 
  27        27   999     614.4 
  28        28   998     613.0 
  29        29   999     612.2 
  30        30  1000     616.0 
  31        31   998     614.8 
  32        32   998     620.2 
  33        33   998     618.2 
  34        34   999     616.9 
  35        35   997     619.9 
  36        36   997     621.5 
  37        37   999     617.9 
  38        38   998     617.7 
  39        39   999     619.2 
  40        40   999     617.1 
  41        41   999     623.2 
  42        42   999     621.8 
  43        43   999     615.5 
  44        44   999     615.0 
  45        45   999     615.2 
  46        46   998     618.9 
  47        47   998     615.6 
  48        48   998     619.7 
  49        49   998     625.9 
  50        50   998     624.4 
  51        51   998     623.5 
  52        52   999     622.7 
  53        53   998     618.4 
  54        54   998     617.8 
  55        55   998     620.6 
  56        56   998     621.6 
  57        57   998     620.0 
  58        58   999     623.4 
  59        59   999     621.7 
  60        60   998     620.6 
  61        61   997     619.9 
  62        62   997     621.8 
  63        63   998     619.3 
  64        64   998     625.1 
  65        65   998     620.8 
  66        66   998     619.2 
  67        67   999     620.0 
  68        68   998     623.0 
  69        69   998     624.7 
  70        70   998     627.4 
  71        71   999     624.5 
  72        72   999     617.1 
  73        73   997     623.4 
  74        74   999     621.3 
  75        75   998     622.5 
  76        76   999     627.4 
  77        77   997     625.3 
  78        78   998     625.3 
  79        79   998     627.2 
  80        80   998     622.4 
  81        81   998     620.3 
  82        82   998     623.6 
  83        83   998     620.8 
  84        84   998     623.1 
  85        85   998     621.3 
  86        86   998     622.6 
  87        87   998     623.9 
  88        88   998     621.6 
  89        89   998     619.3 
  90        90   998     625.3 
  91        91   998     626.5 
  92        92   998     623.7 
  93        93   998     618.4 
  94        94   998     625.6 
  95        95   998     628.0 
  96        96   998     619.9 
  97        97   998     627.4 
  98        98   998     626.9 
  99        99   998     627.6 
 100       100   998     614.3 
 101       101   998     625.9 
 102       102   998     628.1 
 103       103   998     620.9 
 104       104   998     618.1 
 105       105   998     622.0 
 106       106   998     622.5 
 107       107   998     632.3 
 108       108   998     622.8 
 109       109   998     628.3 
 110       110   998     626.9 
 111       111   998     622.0 
 112       112   998     625.1 
 113       113   998     621.8 
 114       114   998     617.0 
 115       115   998     618.5 
 116       116   998     621.1 
 117       117   998     629.2 
 118       118   998     629.7 
 119       119   998     622.8 
 120       120   998     622.8 
 121       180   554     604.0 
 122       240   554     585.6 
 123       300   553     578.1 
 124       360   551     580.0 
 125       420   553     571.4 
 126       480   551     587.7 
 127       540   552     581.2 
 128       600   551     580.8 
 129       780   550     577.3 
 130       960   547     564.5 
 131      1140   545     583.5 
 132      1320   548     576.1 
 133      1500   547     567.1 
 134      2040   544     560.7 
 135      2661   539     565.5 
 136      3375   540     563.3 
 137      4196   537     573.2 
 138      5140   536     562.5 
 139      6226   538     550.0 
 140      7475   537     561.1 
 141      8911   534     551.5 
 142     10562   533     581.8 
 143     12461   534     556.2 
 144     14645   530     578.3 
 145     17157   531     573.8 
 146     20046   530     570.0 
 147     23368   529     569.6 
 148     27188   528     558.1 
 149     31581   528     563.6 
 150     36633   528     568.4 
 151     42443   526     570.0 
 152     49125   525     566.9 
 153     56809   527     552.8 
 154     65646   524     577.7 
 155     75809   525     564.2 
 156     87496   525     560.6 
 157    100936   522     563.4 
 158    116392   521     552.0 
 159    134166   520     560.8 
 160    154606   520     558.1 
 161    178112   520     564.8 
 162    205144   520     558.1 
 163    236231   520     557.3 
 164    271981   520     553.8 
 165    313093   520     560.0 
 166    360372   520     555.8 
 167    414743   520     556.7 
 168    477270   520     539.8 
 169    542270   520     566.0 
 170    607270   520     559.0 
 171    672270   520     575.2 
 172    737270   520     582.5 
 173    802270   520     570.8 
 174    867270   520     561.7 
 175    932270   520     562.9 
 176    997270   520     569.4 
 177   1062270   520     565.8 
 178   1127270   520     573.7 
 179   1192270   520     559.6 
 180   1257270   520     559.6 
 181        80   954     601.6 
 182       160   957     607.6 
 183       240   957     620.1 
 184       320   958     625.7 
 185       400   958     618.1 
 186       480   956     620.8 
 187       560   956     623.7 
 188       640   956     622.8 
 189       720   956     618.1 
 190       800   956     625.6 
 191       880   955     624.3 
 192       960   957     626.1 
 193      1040   956     622.7 
 194      1120   957     629.6 
 195      1200   956     624.2 
 196      1280   956     625.7 
 197      1360   955     629.3 
 198      1440   955     623.4 
 199      1520   956     629.4 
 200      1600   955     624.8 
 201      1680   953     626.4 
 202      1760   953     626.0 
 203      1840   954     625.8 
 204      1920   953     628.1 
 205      2000   954     618.7 
 206      2080   955     628.5 
 207      2160   951     622.2 
 208      2240   953     618.9 
 209      2320   952     623.1 
 210      2400   953     623.4 
 211      2480   953     631.2 
 212      2560   954     625.4 
 213      2640   953     629.3 
 214      2720   953     620.9 
 215      2800   951     623.6 
 216      2880   953     629.6 
 217      2960   951     629.0 
 218      3040   950     627.9 
 219      3120   950     619.8 
 220      3200   952     629.6 
 221      3280   952     619.7 
 222      3360   950     623.7 
 223      3440   950     623.6 
 224      3520   949     628.3 
 225      3600   950     616.5 
 226      3680   949     629.0 
 227      3760   951     614.9 
 228      3840   950     620.6 
 229      3920   950     630.2 
 230      4000   950     625.5 
 231      4080   950     624.7 
 232      4160   949     633.1 
 233      4240   951     616.0 
 234      4320   950     619.9 
 235      4400   948     623.3 
 236      4480   948     634.6 
 237      4560   949     632.3 
 238      4640   947     628.9 
 239      4720   950     622.0 
 240      4800   950     621.1 
 241      4880   949     618.5 
 242      4960   948     620.4 
 243      5040   947     621.4 
 244      5120   949     623.4 
 245      5200   948     630.8 
 246      5280   946     621.5 
 247      5360   945     628.1 
 248      5440   947     622.7 
 249      5520   946     631.1 
 250      5600   947     631.3 
 251      5680   945     623.6 
 252      5760   945     628.9 
 253      5840   946     620.3 
 254      5920   945     620.6 
 255      6000   947     625.2 
 256      6080   945     626.1 
 257      6160   946     631.3 
 258      6240   946     629.3 
 259      6320   944     630.5 
 260      6400   945     626.6 
 261      6480   945     628.5 
 262      6560   944     619.9 
 263      6640   944     626.5 
 264      6720   944     632.2 
 265      6800   944     620.6 
 266      6880   945     621.4 
 267      6960   944     621.2 
 268      7040   943     624.6 
 269      7120   944     625.6 
 270      7200   944     628.2 
 271      7280   944     618.0 
 272      7360   943     621.1 
 273      7440   943     619.6 
 274      7520   944     625.1 
 275      7600   941     618.2 
 276      7680   943     622.5 
 277      7760   944     626.4 
 278      7840   943     626.4 
 279      7920   944     629.9 
 280      8000   942     624.5 
 281      8080   942     630.4 
 282      8160   942     626.4 
 283      8240   943     619.6 
 284      8320   943     623.4 
 285      8400   941     627.1 
 286      8480   941     627.8 
 287      8560   942     623.9 
 288      8640   941     627.1 
 289      8720   943     622.0 
 290      8800   943     625.5 
 291      8880   941     627.4 
 292      8960   943     625.1 
 293      9040   941     623.4 
 294      9120   942     624.7 
 295      9200   941     621.8 
 296      9280   941     630.3 
 297      9360   941     624.8 
 298      9440   942     623.9 
 299      9520   941     620.1 
 300      9600   941     626.1 
 301      9680   941     616.8 
 302      9760   940     627.3 
 303      9840   941     618.5 
 304      9920   940     620.5 
 305     10000   941     624.2 
 306     10080   940     623.7 
 307     10160   939     619.0 
 308     10240   941     623.9 
 309     10320   940     623.8 
 310     10400   940     625.0 
 311     10480   938     620.4 
 312     10560   937     621.5 
 313     10640   939     618.5 
 314     10720   939     628.1 
 315     10800   939     624.6 
 316     10880   939     620.9 
 317     10960   938     630.6 
 318     11040   941     625.7 
 319     11120   939     625.7 
 320     11200   939     617.3 
 321     11280   940     626.0 
 322     11360   939     622.5 
 323     11440   939     625.8 
 324     11520   940     620.0 
 325     11600   939     627.2 
 326     11680   936     628.8 
 327     11760   939     619.8 
 328     11840   938     629.9 
 329     11920   937     621.8 
 330     12000   939     624.4 
 331     12080   937     621.1 
 332     12160   938     627.8 
 333     12240   936     625.2 
 334     12320   936     616.1 
 335     12400   937     619.2 
 336     12480   938     617.9 
 337     12560   938     625.8 
 338     12640   938     619.4 
 339     12720   937     621.8 
 340     12800   937     615.9 
 341     12880   936     618.3 
 342     12960   937     619.6 
 343     13040   936     623.9 
 344     13120   937     623.8 
 345     13200   935     625.9 
 346     13280   937     618.7 
 347     13360   935     616.6 
 348     13440   936     617.7 
 349     13520   937     625.5 
 350     13600   937     619.4 
 351     13680   939     620.0 
 352     13760   935     619.4 
 353     13840   936     626.4 
 354     13920   935     620.5 
 355     14000   937     624.5 
 356     14080   935     619.7 
 357     14160   936     629.2 
 358     14240   935     626.7 
 359     14320   935     619.6 
 360     14400   935     625.5 
 361     14480   938     616.3 
 362     14560   937     625.6 
 363     14640   936     613.5 
 364     14720   935     621.0 
 365     14800   935     620.5 
 366     14880   936     618.4 
 367     14960   934     625.1 
 368     15040   935     623.0 
 369     15120   933     622.7 
 370     15200   936     619.3 
 371     15280   937     616.6 
 372     15360   936     618.1 
 373     15440   935     622.5 
 374     15520   936     623.8 
 375     15600   935     622.8 
 376     15680   934     630.0 
 377     15760   934     618.2 
 378     15840   934     636.0 
 379     15920   935     623.4 
 380     16000   935     622.1 
 381     16080   934     627.2 
 382     16160   934     616.2 
 383     16240   934     624.0 
 384     16320   936     622.2 
 385     16400   934     623.7 
 386     16480   935     623.4 
 387     16560   934     629.0 
 388     16640   935     619.6 
 389     16720   935     621.6 
 390     16800   934     621.9 
 391     16880   934     619.4 
 392     16960   935     621.0 
 393     17040   935     627.6 
 394     17120   934     619.9 
 395     17200   935     621.2 
 396     17280   935     628.1 
 397     17360   934     618.2 
 398     17440   936     616.8 
 399     17520   935     621.0 
 400     17600   935     619.9 
 401     17680   936     620.0 
 402     17760   934     620.2 
 403     17840   933     629.7 
 404     17920   934     625.1 
 405     18000   933     623.4 
 406     18080   935     620.4 
 407     18160   934     624.7 
 408     18240   935     622.7 
 409     18320   935     621.6 
 410     18400   933     625.3 
 411     18480   934     618.1 
 412     18560   934     622.6 
 413     18640   933     622.2 
 414     18720   934     624.5 
 415     18800   932     629.0 
 416     18880   933     623.0 
 417     18960   935     627.3 
 418     19040   934     621.6 
 419     19120   935     623.5 
 420     19200   933     622.3 
 421     19280   935     616.8 
 422     19360   934     619.7 
 423     19440   934     621.7 
 424     19520   933     619.7 
 425     19600   933     618.6 
 426     19680   933     628.6 
 427     19760   935     628.4 
 428     19840   933     624.2 
 429     19920   934     622.3 
 430     20000   933     618.1 
 431       100   506     570.4 
 432       200   507     587.4 
 433       300   507     594.9 
 434       400   509     584.5 
 435       500   508     583.7 
 436       600   509     592.7 
 437       900   501     574.9 
 438      1200   504     580.8 
 439      1500   502     570.7 
 440      2400   502     581.1 
 441      3435   502     562.5 
 442      4625   504     575.8 
 443      5993   505     578.8 
 444      7566   505     556.4 
 445      9375   506     565.2 
 446     11455   507     564.5 
 447     13847   508     584.6 
 448     16598   508     580.1 
 449     19762   510     572.5 
 450     23401   511     581.8 
 451     27586   509     576.6 
 452     32399   512     580.1 
 453     37934   510     579.6 
 454     44299   510     563.5 
 455     51619   512     574.4 
 456     60037   511     583.2 
 457     69718   511     579.6 
 458     80851   513     575.6 
 459     93654   511     558.9 
 460    108377   510     557.3 
 461    125308   511     580.4 
 462    144779   512     565.2 
 463    167171   509     556.0 
 464    192922   513     560.6 
 465    222536   511     570.5 
 466    256592   509     579.0 
 467    295756   510     576.3 
 468    340795   510     570.2 
 469    392590   509     588.6 
 470    452154   509     571.7 
