PC/104 FIRe Fluorometer 1.3.6
12/ 6/2019      3245
LED Color: blue
Gain:1400
Sample Delay (msec):  1000
Number Samples:  10
STF (usec):  120
STRP (#samples):   60
STRI (usec):   60
MTF (ms):    20
MTF (#samples):   250
MTRP (#samples):   40
MTRI (usec):  100
PQLen:     4
Ambient Light Source Power: On
PAR (uMol/m^2/s):189.47
Num PAR Steps:    2
PAR Off Int (sec):    0
PAR On Int (sec):    0
Comment:

         Time    EX   Fl-Yield 
DATA--------------------------
   0         0     0       0.0 
   1         1   513     575.0 
   2         2   910     594.4 
   3         3   980     596.0 
   4         4   992     603.7 
   5         5   996     606.1 
   6         6   996     602.0 
   7         7   997     604.3 
   8         8   997     609.4 
   9         9   997     607.6 
  10        10   997     610.7 
  11        11   998     609.7 
  12        12   998     616.8 
  13        13   998     603.3 
  14        14   997     608.4 
  15        15   997     610.6 
  16        16   997     613.5 
  17        17   998     614.4 
  18        18   999     613.4 
  19        19   997     617.1 
  20        20   998     623.3 
  21        21   999     611.0 
  22        22   999     624.2 
  23        23   998     611.8 
  24        24   998     618.9 
  25        25   999     616.7 
  26        26   999     611.5 
  27        27   999     622.4 
  28        28   998     608.8 
  29        29   999     615.0 
  30        30  1000     622.1 
  31        31   998     622.7 
  32        32   998     615.6 
  33        33   998     618.3 
  34        34   999     617.0 
  35        35   997     611.4 
  36        36   997     613.8 
  37        37   999     618.4 
  38        38   998     621.4 
  39        39   999     616.1 
  40        40   999     621.5 
  41        41   999     621.1 
  42        42   999     619.9 
  43        43   999     619.7 
  44        44   999     613.9 
  45        45   999     618.5 
  46        46   998     621.4 
  47        47   998     616.6 
  48        48   998     618.3 
  49        49   998     623.9 
  50        50   998     625.3 
  51        51   998     620.9 
  52        52   999     616.4 
  53        53   998     621.9 
  54        54   998     623.6 
  55        55   998     623.6 
  56        56   998     625.9 
  57        57   998     626.9 
  58        58   999     625.3 
  59        59   999     626.0 
  60        60   998     632.0 
  61        61   997     628.5 
  62        62   997     623.8 
  63        63   998     622.6 
  64        64   998     620.0 
  65        65   998     621.8 
  66        66   998     625.4 
  67        67   999     624.2 
  68        68   998     617.3 
  69        69   998     624.6 
  70        70   998     619.8 
  71        71   999     622.0 
  72        72   999     622.4 
  73        73   997     624.9 
  74        74   999     626.3 
  75        75   998     623.7 
  76        76   999     630.9 
  77        77   997     624.4 
  78        78   998     626.5 
  79        79   998     618.4 
  80        80   998     616.6 
  81        81   998     624.8 
  82        82   998     625.6 
  83        83   998     628.1 
  84        84   998     618.2 
  85        85   998     621.5 
  86        86   998     623.2 
  87        87   998     621.3 
  88        88   998     623.9 
  89        89   998     631.2 
  90        90   998     623.4 
  91        91   998     626.0 
  92        92   998     619.5 
  93        93   998     624.0 
  94        94   998     628.8 
  95        95   998     623.9 
  96        96   998     624.9 
  97        97   998     624.6 
  98        98   998     628.1 
  99        99   998     626.0 
 100       100   998     623.5 
 101       101   998     627.1 
 102       102   998     634.4 
 103       103   998     619.5 
 104       104   998     631.6 
 105       105   998     627.2 
 106       106   998     618.8 
 107       107   998     625.6 
 108       108   998     628.5 
 109       109   998     625.3 
 110       110   998     624.4 
 111       111   998     630.2 
 112       112   998     625.7 
 113       113   998     621.7 
 114       114   998     625.1 
 115       115   998     619.1 
 116       116   998     627.6 
 117       117   998     628.3 
 118       118   998     626.0 
 119       119   998     623.9 
 120       120   998     623.9 
 121       180   554     593.1 
 122       240   554     589.9 
 123       300   553     578.1 
 124       360   551     569.1 
 125       420   553     578.8 
 126       480   551     581.7 
 127       540   552     587.3 
 128       600   551     590.9 
 129       780   550     581.5 
 130       960   547     563.3 
 131      1140   545     583.7 
 132      1320   548     579.2 
 133      1500   547     561.2 
 134      2040   544     564.7 
 135      2661   539     561.6 
 136      3375   540     572.4 
 137      4196   537     563.5 
 138      5140   536     561.9 
 139      6226   538     564.9 
 140      7475   537     561.6 
 141      8911   534     565.0 
 142     10562   533     560.2 
 143     12461   534     572.8 
 144     14645   530     557.5 
 145     17157   531     551.6 
 146     20046   530     580.6 
 147     23368   529     563.7 
 148     27188   528     564.8 
 149     31581   528     582.4 
 150     36633   528     574.6 
 151     42443   526     571.3 
 152     49125   525     572.6 
 153     56809   527     549.7 
 154     65646   524     563.7 
 155     75809   525     569.0 
 156     87496   525     553.1 
 157    100936   522     553.8 
 158    116392   521     570.4 
 159    134166   520     566.9 
 160    154606   520     562.7 
 161    178112   520     558.5 
 162    205144   520     570.2 
 163    236231   520     561.5 
 164    271981   520     557.7 
 165    313093   520     556.0 
 166    360372   520     554.0 
 167    414743   520     546.0 
 168    477270   520     561.3 
 169    542270   520     559.4 
 170    607270   520     565.0 
 171    672270   520     569.4 
 172    737270   520     561.3 
 173    802270   520     563.5 
 174    867270   520     570.0 
 175    932270   520     567.5 
 176    997270   520     557.3 
 177   1062270   520     557.3 
 178   1127270   520     560.8 
 179   1192270   520     563.5 
 180   1257270   520     563.5 
 181        80   954     602.9 
 182       160   957     614.8 
 183       240   957     608.5 
 184       320   958     617.1 
 185       400   958     611.3 
 186       480   956     617.4 
 187       560   956     621.4 
 188       640   956     620.3 
 189       720   956     616.3 
 190       800   956     625.0 
 191       880   955     619.5 
 192       960   957     625.1 
 193      1040   956     619.8 
 194      1120   957     618.2 
 195      1200   956     617.9 
 196      1280   956     623.4 
 197      1360   955     615.0 
 198      1440   955     617.2 
 199      1520   956     624.9 
 200      1600   955     624.1 
 201      1680   953     624.7 
 202      1760   953     624.3 
 203      1840   954     618.4 
 204      1920   953     614.7 
 205      2000   954     622.3 
 206      2080   955     622.3 
 207      2160   951     627.8 
 208      2240   953     622.4 
 209      2320   952     622.2 
 210      2400   953     621.8 
 211      2480   953     618.2 
 212      2560   954     619.8 
 213      2640   953     623.9 
 214      2720   953     617.5 
 215      2800   951     620.2 
 216      2880   953     622.1 
 217      2960   951     620.9 
 218      3040   950     619.7 
 219      3120   950     622.1 
 220      3200   952     619.1 
 221      3280   952     621.0 
 222      3360   950     622.8 
 223      3440   950     626.1 
 224      3520   949     621.8 
 225      3600   950     614.9 
 226      3680   949     619.9 
 227      3760   951     626.6 
 228      3840   950     624.6 
 229      3920   950     618.9 
 230      4000   950     622.5 
 231      4080   950     622.1 
 232      4160   949     615.5 
 233      4240   951     615.9 
 234      4320   950     621.9 
 235      4400   948     625.4 
 236      4480   948     624.3 
 237      4560   949     619.9 
 238      4640   947     626.0 
 239      4720   950     622.2 
 240      4800   950     624.8 
 241      4880   949     621.0 
 242      4960   948     621.4 
 243      5040   947     630.4 
 244      5120   949     625.6 
 245      5200   948     615.4 
 246      5280   946     629.8 
 247      5360   945     620.8 
 248      5440   947     616.1 
 249      5520   946     617.8 
 250      5600   947     622.6 
 251      5680   945     616.6 
 252      5760   945     618.0 
 253      5840   946     617.4 
 254      5920   945     622.9 
 255      6000   947     618.2 
 256      6080   945     615.2 
 257      6160   946     624.6 
 258      6240   946     621.5 
 259      6320   944     620.9 
 260      6400   945     620.4 
 261      6480   945     628.7 
 262      6560   944     624.8 
 263      6640   944     624.6 
 264      6720   944     612.1 
 265      6800   944     618.3 
 266      6880   945     620.3 
 267      6960   944     621.1 
 268      7040   943     619.0 
 269      7120   944     621.8 
 270      7200   944     621.2 
 271      7280   944     620.3 
 272      7360   943     617.5 
 273      7440   943     628.0 
 274      7520   944     619.6 
 275      7600   941     620.7 
 276      7680   943     624.9 
 277      7760   944     621.1 
 278      7840   943     626.3 
 279      7920   944     620.1 
 280      8000   942     622.6 
 281      8080   942     623.6 
 282      8160   942     622.7 
 283      8240   943     618.3 
 284      8320   943     624.1 
 285      8400   941     617.6 
 286      8480   941     626.0 
 287      8560   942     618.8 
 288      8640   941     624.5 
 289      8720   943     626.2 
 290      8800   943     625.2 
 291      8880   941     624.9 
 292      8960   943     619.3 
 293      9040   941     619.2 
 294      9120   942     626.4 
 295      9200   941     613.4 
 296      9280   941     621.0 
 297      9360   941     621.6 
 298      9440   942     611.7 
 299      9520   941     620.7 
 300      9600   941     628.5 
 301      9680   941     627.8 
 302      9760   940     621.9 
 303      9840   941     618.6 
 304      9920   940     621.6 
 305     10000   941     625.3 
 306     10080   940     616.2 
 307     10160   939     623.7 
 308     10240   941     617.6 
 309     10320   940     617.3 
 310     10400   940     619.5 
 311     10480   938     624.2 
 312     10560   937     627.7 
 313     10640   939     616.2 
 314     10720   939     620.3 
 315     10800   939     621.7 
 316     10880   939     623.1 
 317     10960   938     626.8 
 318     11040   941     616.7 
 319     11120   939     612.4 
 320     11200   939     625.5 
 321     11280   940     621.4 
 322     11360   939     619.9 
 323     11440   939     623.7 
 324     11520   940     621.8 
 325     11600   939     616.9 
 326     11680   936     608.8 
 327     11760   939     616.9 
 328     11840   938     621.0 
 329     11920   937     620.2 
 330     12000   939     615.8 
 331     12080   937     614.9 
 332     12160   938     617.0 
 333     12240   936     622.9 
 334     12320   936     613.7 
 335     12400   937     616.1 
 336     12480   938     623.8 
 337     12560   938     614.4 
 338     12640   938     620.8 
 339     12720   937     616.9 
 340     12800   937     620.6 
 341     12880   936     623.5 
 342     12960   937     624.1 
 343     13040   936     622.4 
 344     13120   937     619.9 
 345     13200   935     628.9 
 346     13280   937     615.9 
 347     13360   935     624.7 
 348     13440   936     612.3 
 349     13520   937     618.1 
 350     13600   937     611.0 
 351     13680   939     621.1 
 352     13760   935     621.7 
 353     13840   936     620.2 
 354     13920   935     625.1 
 355     14000   937     611.6 
 356     14080   935     622.4 
 357     14160   936     621.6 
 358     14240   935     620.2 
 359     14320   935     628.1 
 360     14400   935     623.3 
 361     14480   938     614.9 
 362     14560   937     611.7 
 363     14640   936     616.6 
 364     14720   935     619.4 
 365     14800   935     623.3 
 366     14880   936     619.9 
 367     14960   934     627.4 
 368     15040   935     617.2 
 369     15120   933     622.0 
 370     15200   936     621.2 
 371     15280   937     617.4 
 372     15360   936     620.2 
 373     15440   935     618.6 
 374     15520   936     619.1 
 375     15600   935     620.6 
 376     15680   934     610.9 
 377     15760   934     619.7 
 378     15840   934     622.1 
 379     15920   935     619.8 
 380     16000   935     621.1 
 381     16080   934     628.1 
 382     16160   934     624.8 
 383     16240   934     621.9 
 384     16320   936     617.0 
 385     16400   934     622.2 
 386     16480   935     617.1 
 387     16560   934     615.1 
 388     16640   935     617.8 
 389     16720   935     616.0 
 390     16800   934     615.7 
 391     16880   934     629.2 
 392     16960   935     615.6 
 393     17040   935     619.1 
 394     17120   934     624.2 
 395     17200   935     615.0 
 396     17280   935     620.6 
 397     17360   934     616.8 
 398     17440   936     623.4 
 399     17520   935     609.3 
 400     17600   935     617.3 
 401     17680   936     619.9 
 402     17760   934     619.3 
 403     17840   933     613.2 
 404     17920   934     613.8 
 405     18000   933     620.9 
 406     18080   935     626.3 
 407     18160   934     618.7 
 408     18240   935     619.1 
 409     18320   935     618.3 
 410     18400   933     619.6 
 411     18480   934     625.5 
 412     18560   934     615.6 
 413     18640   933     624.8 
 414     18720   934     625.2 
 415     18800   932     625.5 
 416     18880   933     616.9 
 417     18960   935     615.3 
 418     19040   934     622.5 
 419     19120   935     620.0 
 420     19200   933     617.8 
 421     19280   935     616.5 
 422     19360   934     618.4 
 423     19440   934     618.7 
 424     19520   933     620.5 
 425     19600   933     615.4 
 426     19680   933     624.2 
 427     19760   935     620.0 
 428     19840   933     616.1 
 429     19920   934     623.4 
 430     20000   933     616.2 
 431       100   506     580.6 
 432       200   507     587.0 
 433       300   507     590.3 
 434       400   509     588.0 
 435       500   508     591.1 
 436       600   509     585.3 
 437       900   501     576.2 
 438      1200   504     578.6 
 439      1500   502     581.3 
 440      2400   502     575.3 
 441      3435   502     576.1 
 442      4625   504     572.6 
 443      5993   505     566.9 
 444      7566   505     579.4 
 445      9375   506     573.9 
 446     11455   507     558.4 
 447     13847   508     581.3 
 448     16598   508     565.0 
 449     19762   510     574.1 
 450     23401   511     555.2 
 451     27586   509     566.8 
 452     32399   512     571.9 
 453     37934   510     571.4 
 454     44299   510     566.1 
 455     51619   512     560.7 
 456     60037   511     563.8 
 457     69718   511     567.9 
 458     80851   513     565.5 
 459     93654   511     562.8 
 460    108377   510     567.6 
 461    125308   511     564.2 
 462    144779   512     571.9 
 463    167171   509     560.3 
 464    192922   513     560.0 
 465    222536   511     563.6 
 466    256592   509     570.9 
 467    295756   510     551.4 
 468    340795   510     560.2 
 469    392590   509     564.0 
 470    452154   509     559.3 
