PC/104 FIRe Fluorometer 1.3.6
12/ 6/2019      3004
LED Color: blue
Gain:1400
Sample Delay (msec):  1000
Number Samples:  10
STF (usec):  120
STRP (#samples):   60
STRI (usec):   60
MTF (ms):    20
MTF (#samples):   250
MTRP (#samples):   40
MTRI (usec):  100
PQLen:     4
Ambient Light Source Power: On
PAR (uMol/m^2/s): 94.74
Num PAR Steps:   11
PAR Off Int (sec):    0
PAR On Int (sec):    0
Comment:

         Time    EX   Fl-Yield 
DATA--------------------------
   0         0     0       0.0 
   1         1   513     862.4 
   2         2   910     898.0 
   3         3   980     902.2 
   4         4   992     907.1 
   5         5   996     913.4 
   6         6   996     916.8 
   7         7   997     921.3 
   8         8   997     918.8 
   9         9   997     929.1 
  10        10   997     915.9 
  11        11   998     923.2 
  12        12   998     930.3 
  13        13   998     935.1 
  14        14   997     934.0 
  15        15   997     928.3 
  16        16   997     936.5 
  17        17   998     936.4 
  18        18   999     935.4 
  19        19   997     939.4 
  20        20   998     943.0 
  21        21   999     939.7 
  22        22   999     940.7 
  23        23   998     945.4 
  24        24   998     944.2 
  25        25   999     943.0 
  26        26   999     949.1 
  27        27   999     951.2 
  28        28   998     954.6 
  29        29   999     950.2 
  30        30  1000     941.2 
  31        31   998     943.4 
  32        32   998     951.1 
  33        33   998     957.7 
  34        34   999     945.0 
  35        35   997     958.4 
  36        36   997     953.1 
  37        37   999     957.7 
  38        38   998     950.3 
  39        39   999     957.2 
  40        40   999     949.6 
  41        41   999     948.8 
  42        42   999     944.3 
  43        43   999     947.7 
  44        44   999     951.4 
  45        45   999     951.0 
  46        46   998     960.2 
  47        47   998     962.6 
  48        48   998     959.0 
  49        49   998     954.7 
  50        50   998     948.5 
  51        51   998     959.7 
  52        52   999     954.9 
  53        53   998     956.5 
  54        54   998     952.5 
  55        55   998     966.6 
  56        56   998     962.0 
  57        57   998     956.4 
  58        58   999     954.8 
  59        59   999     961.9 
  60        60   998     949.0 
  61        61   997     960.2 
  62        62   997     959.1 
  63        63   998     959.9 
  64        64   998     953.2 
  65        65   998     956.0 
  66        66   998     961.7 
  67        67   999     961.7 
  68        68   998     954.0 
  69        69   998     959.0 
  70        70   998     956.2 
  71        71   999     952.3 
  72        72   999     954.9 
  73        73   997     964.5 
  74        74   999     963.9 
  75        75   998     957.3 
  76        76   999     960.0 
  77        77   997     959.5 
  78        78   998     958.5 
  79        79   998     963.9 
  80        80   998     955.5 
  81        81   998     956.3 
  82        82   998     965.4 
  83        83   998     961.8 
  84        84   998     961.6 
  85        85   998     961.4 
  86        86   998     963.0 
  87        87   998     960.4 
  88        88   998     961.9 
  89        89   998     963.5 
  90        90   998     964.4 
  91        91   998     960.9 
  92        92   998     958.2 
  93        93   998     963.0 
  94        94   998     954.6 
  95        95   998     954.3 
  96        96   998     960.5 
  97        97   998     955.6 
  98        98   998     963.4 
  99        99   998     957.9 
 100       100   998     960.5 
 101       101   998     955.3 
 102       102   998     956.9 
 103       103   998     960.6 
 104       104   998     959.4 
 105       105   998     953.0 
 106       106   998     967.3 
 107       107   998     963.4 
 108       108   998     964.0 
 109       109   998     964.6 
 110       110   998     965.3 
 111       111   998     959.5 
 112       112   998     955.4 
 113       113   998     955.4 
 114       114   998     955.7 
 115       115   998     963.3 
 116       116   998     963.0 
 117       117   998     970.0 
 118       118   998     963.1 
 119       119   998     959.8 
 120       120   998     959.8 
 121       180   554     930.5 
 122       240   554     926.7 
 123       300   553     926.6 
 124       360   551     932.5 
 125       420   553     898.6 
 126       480   551     900.0 
 127       540   552     890.0 
 128       600   551     884.8 
 129       780   550     904.4 
 130       960   547     878.6 
 131      1140   545     899.1 
 132      1320   548     893.1 
 133      1500   547     877.1 
 134      2040   544     890.1 
 135      2661   539     868.3 
 136      3375   540     871.3 
 137      4196   537     876.9 
 138      5140   536     847.6 
 139      6226   538     835.7 
 140      7475   537     873.4 
 141      8911   534     860.5 
 142     10562   533     862.9 
 143     12461   534     849.3 
 144     14645   530     875.5 
 145     17157   531     862.5 
 146     20046   530     866.4 
 147     23368   529     873.7 
 148     27188   528     867.2 
 149     31581   528     856.1 
 150     36633   528     863.1 
 151     42443   526     857.8 
 152     49125   525     854.9 
 153     56809   527     873.6 
 154     65646   524     864.9 
 155     75809   525     866.5 
 156     87496   525     854.1 
 157    100936   522     867.0 
 158    116392   521     862.6 
 159    134166   520     859.0 
 160    154606   520     867.5 
 161    178112   520     846.5 
 162    205144   520     863.5 
 163    236231   520     855.2 
 164    271981   520     843.1 
 165    313093   520     844.2 
 166    360372   520     863.1 
 167    414743   520     852.5 
 168    477270   520     867.1 
 169    542270   520     856.2 
 170    607270   520     839.6 
 171    672270   520     847.7 
 172    737270   520     846.0 
 173    802270   520     873.5 
 174    867270   520     863.1 
 175    932270   520     861.0 
 176    997270   520     860.4 
 177   1062270   520     878.5 
 178   1127270   520     856.3 
 179   1192270   520     865.6 
 180   1257270   520     865.6 
 181        80   954     899.4 
 182       160   957     931.3 
 183       240   957     947.0 
 184       320   958     947.7 
 185       400   958     953.9 
 186       480   956     962.7 
 187       560   956     957.2 
 188       640   956     957.6 
 189       720   956     958.4 
 190       800   956     974.1 
 191       880   955     956.9 
 192       960   957     958.5 
 193      1040   956     953.5 
 194      1120   957     957.4 
 195      1200   956     957.3 
 196      1280   956     963.6 
 197      1360   955     955.4 
 198      1440   955     965.8 
 199      1520   956     959.8 
 200      1600   955     962.1 
 201      1680   953     961.5 
 202      1760   953     965.0 
 203      1840   954     967.7 
 204      1920   953     970.7 
 205      2000   954     963.5 
 206      2080   955     965.3 
 207      2160   951     962.8 
 208      2240   953     966.4 
 209      2320   952     969.7 
 210      2400   953     959.4 
 211      2480   953     961.7 
 212      2560   954     957.5 
 213      2640   953     960.1 
 214      2720   953     963.0 
 215      2800   951     952.2 
 216      2880   953     957.1 
 217      2960   951     963.6 
 218      3040   950     973.3 
 219      3120   950     968.1 
 220      3200   952     970.0 
 221      3280   952     963.0 
 222      3360   950     965.2 
 223      3440   950     958.4 
 224      3520   949     960.0 
 225      3600   950     962.4 
 226      3680   949     970.1 
 227      3760   951     964.1 
 228      3840   950     968.1 
 229      3920   950     962.6 
 230      4000   950     961.4 
 231      4080   950     970.4 
 232      4160   949     959.6 
 233      4240   951     961.3 
 234      4320   950     963.7 
 235      4400   948     970.7 
 236      4480   948     969.3 
 237      4560   949     970.0 
 238      4640   947     973.1 
 239      4720   950     958.0 
 240      4800   950     956.5 
 241      4880   949     969.1 
 242      4960   948     962.8 
 243      5040   947     969.6 
 244      5120   949     958.4 
 245      5200   948     969.6 
 246      5280   946     968.2 
 247      5360   945     969.0 
 248      5440   947     964.1 
 249      5520   946     972.9 
 250      5600   947     958.9 
 251      5680   945     964.0 
 252      5760   945     965.7 
 253      5840   946     964.2 
 254      5920   945     967.2 
 255      6000   947     959.0 
 256      6080   945     965.6 
 257      6160   946     956.6 
 258      6240   946     956.7 
 259      6320   944     967.2 
 260      6400   945     961.5 
 261      6480   945     967.1 
 262      6560   944     970.0 
 263      6640   944     964.9 
 264      6720   944     966.7 
 265      6800   944     965.7 
 266      6880   945     956.1 
 267      6960   944     957.0 
 268      7040   943     966.9 
 269      7120   944     967.9 
 270      7200   944     970.4 
 271      7280   944     962.5 
 272      7360   943     963.6 
 273      7440   943     970.5 
 274      7520   944     967.2 
 275      7600   941     972.8 
 276      7680   943     973.9 
 277      7760   944     963.6 
 278      7840   943     969.8 
 279      7920   944     969.9 
 280      8000   942     970.3 
 281      8080   942     961.1 
 282      8160   942     967.3 
 283      8240   943     958.2 
 284      8320   943     966.0 
 285      8400   941     960.7 
 286      8480   941     967.1 
 287      8560   942     962.2 
 288      8640   941     965.9 
 289      8720   943     963.8 
 290      8800   943     959.4 
 291      8880   941     967.3 
 292      8960   943     968.7 
 293      9040   941     958.1 
 294      9120   942     965.6 
 295      9200   941     963.0 
 296      9280   941     961.1 
 297      9360   941     964.3 
 298      9440   942     959.3 
 299      9520   941     969.2 
 300      9600   941     956.5 
 301      9680   941     956.5 
 302      9760   940     961.5 
 303      9840   941     965.9 
 304      9920   940     964.5 
 305     10000   941     967.1 
 306     10080   940     957.3 
 307     10160   939     965.2 
 308     10240   941     966.3 
 309     10320   940     965.1 
 310     10400   940     964.7 
 311     10480   938     965.2 
 312     10560   937     965.8 
 313     10640   939     955.6 
 314     10720   939     966.7 
 315     10800   939     962.9 
 316     10880   939     962.7 
 317     10960   938     964.9 
 318     11040   941     967.1 
 319     11120   939     963.8 
 320     11200   939     967.6 
 321     11280   940     961.8 
 322     11360   939     964.3 
 323     11440   939     957.6 
 324     11520   940     963.8 
 325     11600   939     963.6 
 326     11680   936     968.3 
 327     11760   939     961.1 
 328     11840   938     965.4 
 329     11920   937     966.3 
 330     12000   939     959.5 
 331     12080   937     967.1 
 332     12160   938     964.9 
 333     12240   936     965.9 
 334     12320   936     962.7 
 335     12400   937     963.0 
 336     12480   938     965.1 
 337     12560   938     956.6 
 338     12640   938     967.8 
 339     12720   937     959.4 
 340     12800   937     972.0 
 341     12880   936     970.1 
 342     12960   937     960.6 
 343     13040   936     965.7 
 344     13120   937     968.0 
 345     13200   935     964.7 
 346     13280   937     962.9 
 347     13360   935     962.5 
 348     13440   936     967.6 
 349     13520   937     955.4 
 350     13600   937     961.4 
 351     13680   939     963.4 
 352     13760   935     971.9 
 353     13840   936     964.5 
 354     13920   935     962.1 
 355     14000   937     961.9 
 356     14080   935     955.0 
 357     14160   936     964.4 
 358     14240   935     960.0 
 359     14320   935     963.4 
 360     14400   935     960.5 
 361     14480   938     960.6 
 362     14560   937     959.2 
 363     14640   936     959.4 
 364     14720   935     971.4 
 365     14800   935     965.1 
 366     14880   936     963.1 
 367     14960   934     964.0 
 368     15040   935     967.0 
 369     15120   933     962.8 
 370     15200   936     971.5 
 371     15280   937     965.7 
 372     15360   936     956.0 
 373     15440   935     962.0 
 374     15520   936     955.2 
 375     15600   935     967.4 
 376     15680   934     967.6 
 377     15760   934     964.9 
 378     15840   934     960.7 
 379     15920   935     965.2 
 380     16000   935     971.1 
 381     16080   934     969.8 
 382     16160   934     966.4 
 383     16240   934     963.7 
 384     16320   936     954.3 
 385     16400   934     965.6 
 386     16480   935     961.4 
 387     16560   934     966.1 
 388     16640   935     972.5 
 389     16720   935     961.8 
 390     16800   934     963.2 
 391     16880   934     967.3 
 392     16960   935     958.4 
 393     17040   935     964.4 
 394     17120   934     967.8 
 395     17200   935     959.4 
 396     17280   935     968.9 
 397     17360   934     960.9 
 398     17440   936     959.8 
 399     17520   935     965.7 
 400     17600   935     963.2 
 401     17680   936     961.9 
 402     17760   934     975.4 
 403     17840   933     972.3 
 404     17920   934     960.9 
 405     18000   933     964.0 
 406     18080   935     962.7 
 407     18160   934     964.6 
 408     18240   935     962.2 
 409     18320   935     975.4 
 410     18400   933     970.6 
 411     18480   934     960.0 
 412     18560   934     960.6 
 413     18640   933     965.5 
 414     18720   934     965.6 
 415     18800   932     970.4 
 416     18880   933     966.9 
 417     18960   935     967.1 
 418     19040   934     964.0 
 419     19120   935     966.7 
 420     19200   933     961.2 
 421     19280   935     973.9 
 422     19360   934     972.9 
 423     19440   934     967.0 
 424     19520   933     964.0 
 425     19600   933     970.6 
 426     19680   933     960.5 
 427     19760   935     959.1 
 428     19840   933     968.6 
 429     19920   934     958.7 
 430     20000   933     974.8 
 431       100   506     936.0 
 432       200   507     935.1 
 433       300   507     928.2 
 434       400   509     916.7 
 435       500   508     920.5 
 436       600   509     917.3 
 437       900   501     930.3 
 438      1200   504     901.2 
 439      1500   502     908.8 
 440      2400   502     891.8 
 441      3435   502     892.0 
 442      4625   504     901.6 
 443      5993   505     891.3 
 444      7566   505     877.0 
 445      9375   506     892.9 
 446     11455   507     889.7 
 447     13847   508     891.5 
 448     16598   508     888.0 
 449     19762   510     889.4 
 450     23401   511     881.8 
 451     27586   509     879.8 
 452     32399   512     877.1 
 453     37934   510     872.5 
 454     44299   510     879.8 
 455     51619   512     865.6 
 456     60037   511     868.1 
 457     69718   511     868.7 
 458     80851   513     872.9 
 459     93654   511     869.7 
 460    108377   510     861.6 
 461    125308   511     859.7 
 462    144779   512     861.3 
 463    167171   509     868.2 
 464    192922   513     874.5 
 465    222536   511     863.0 
 466    256592   509     868.8 
 467    295756   510     869.2 
 468    340795   510     868.6 
 469    392590   509     873.3 
 470    452154   509     869.0 
