PC/104 FIRe Fluorometer 1.3.6
12/ 6/2019      3111
LED Color: blue
Gain:1400
Sample Delay (msec):  1000
Number Samples:  10
STF (usec):  120
STRP (#samples):   60
STRI (usec):   60
MTF (ms):    20
MTF (#samples):   250
MTRP (#samples):   40
MTRI (usec):  100
PQLen:     4
Ambient Light Source Power: On
PAR (uMol/m^2/s):136.84
Num PAR Steps:    7
PAR Off Int (sec):    0
PAR On Int (sec):    0
Comment:

         Time    EX   Fl-Yield 
DATA--------------------------
   0         0     0       0.0 
   1         1   513     673.3 
   2         2   910     700.0 
   3         3   980     705.2 
   4         4   992     718.8 
   5         5   996     714.6 
   6         6   996     717.9 
   7         7   997     717.0 
   8         8   997     717.3 
   9         9   997     721.0 
  10        10   997     725.2 
  11        11   998     726.2 
  12        12   998     721.2 
  13        13   998     722.2 
  14        14   997     728.3 
  15        15   997     718.3 
  16        16   997     723.8 
  17        17   998     729.9 
  18        18   999     726.1 
  19        19   997     718.2 
  20        20   998     728.2 
  21        21   999     732.5 
  22        22   999     729.8 
  23        23   998     735.4 
  24        24   998     726.2 
  25        25   999     729.1 
  26        26   999     729.1 
  27        27   999     740.1 
  28        28   998     738.4 
  29        29   999     734.5 
  30        30  1000     723.6 
  31        31   998     730.0 
  32        32   998     739.4 
  33        33   998     742.0 
  34        34   999     743.5 
  35        35   997     741.4 
  36        36   997     732.9 
  37        37   999     744.1 
  38        38   998     735.8 
  39        39   999     733.8 
  40        40   999     748.7 
  41        41   999     739.2 
  42        42   999     741.9 
  43        43   999     734.8 
  44        44   999     732.9 
  45        45   999     734.8 
  46        46   998     737.3 
  47        47   998     737.6 
  48        48   998     745.1 
  49        49   998     748.1 
  50        50   998     742.4 
  51        51   998     744.5 
  52        52   999     741.6 
  53        53   998     738.7 
  54        54   998     738.7 
  55        55   998     735.9 
  56        56   998     740.9 
  57        57   998     735.1 
  58        58   999     743.6 
  59        59   999     740.7 
  60        60   998     741.3 
  61        61   997     743.0 
  62        62   997     748.1 
  63        63   998     734.7 
  64        64   998     747.6 
  65        65   998     737.6 
  66        66   998     747.7 
  67        67   999     734.6 
  68        68   998     738.1 
  69        69   998     737.5 
  70        70   998     740.5 
  71        71   999     745.0 
  72        72   999     739.2 
  73        73   997     737.5 
  74        74   999     743.1 
  75        75   998     743.0 
  76        76   999     749.6 
  77        77   997     745.6 
  78        78   998     743.1 
  79        79   998     740.1 
  80        80   998     741.0 
  81        81   998     742.1 
  82        82   998     744.9 
  83        83   998     745.7 
  84        84   998     742.4 
  85        85   998     736.4 
  86        86   998     748.5 
  87        87   998     749.1 
  88        88   998     744.0 
  89        89   998     738.7 
  90        90   998     743.8 
  91        91   998     746.2 
  92        92   998     740.4 
  93        93   998     741.9 
  94        94   998     746.7 
  95        95   998     745.2 
  96        96   998     744.9 
  97        97   998     745.6 
  98        98   998     743.4 
  99        99   998     745.2 
 100       100   998     740.9 
 101       101   998     744.1 
 102       102   998     750.8 
 103       103   998     740.4 
 104       104   998     751.3 
 105       105   998     748.1 
 106       106   998     742.6 
 107       107   998     738.1 
 108       108   998     739.4 
 109       109   998     752.4 
 110       110   998     742.8 
 111       111   998     747.7 
 112       112   998     739.9 
 113       113   998     744.8 
 114       114   998     739.3 
 115       115   998     742.6 
 116       116   998     748.7 
 117       117   998     749.2 
 118       118   998     739.5 
 119       119   998     740.3 
 120       120   998     740.3 
 121       180   554     708.5 
 122       240   554     711.7 
 123       300   553     713.4 
 124       360   551     704.4 
 125       420   553     699.5 
 126       480   551     693.6 
 127       540   552     685.7 
 128       600   551     680.8 
 129       780   550     687.6 
 130       960   547     685.6 
 131      1140   545     676.5 
 132      1320   548     677.7 
 133      1500   547     671.1 
 134      2040   544     671.3 
 135      2661   539     682.7 
 136      3375   540     668.7 
 137      4196   537     672.8 
 138      5140   536     663.6 
 139      6226   538     674.9 
 140      7475   537     657.5 
 141      8911   534     664.2 
 142     10562   533     688.7 
 143     12461   534     676.6 
 144     14645   530     670.8 
 145     17157   531     678.3 
 146     20046   530     669.1 
 147     23368   529     677.9 
 148     27188   528     668.8 
 149     31581   528     657.8 
 150     36633   528     664.6 
 151     42443   526     668.4 
 152     49125   525     664.8 
 153     56809   527     668.7 
 154     65646   524     669.5 
 155     75809   525     671.4 
 156     87496   525     678.3 
 157    100936   522     663.2 
 158    116392   521     685.4 
 159    134166   520     683.5 
 160    154606   520     661.7 
 161    178112   520     663.3 
 162    205144   520     674.2 
 163    236231   520     667.7 
 164    271981   520     669.4 
 165    313093   520     677.7 
 166    360372   520     660.2 
 167    414743   520     672.1 
 168    477270   520     662.5 
 169    542270   520     664.2 
 170    607270   520     675.2 
 171    672270   520     664.2 
 172    737270   520     660.8 
 173    802270   520     655.0 
 174    867270   520     651.3 
 175    932270   520     656.3 
 176    997270   520     656.7 
 177   1062270   520     667.3 
 178   1127270   520     674.4 
 179   1192270   520     674.8 
 180   1257270   520     674.8 
 181        80   954     711.7 
 182       160   957     724.8 
 183       240   957     728.4 
 184       320   958     731.4 
 185       400   958     729.1 
 186       480   956     745.9 
 187       560   956     739.9 
 188       640   956     739.3 
 189       720   956     736.8 
 190       800   956     743.2 
 191       880   955     740.1 
 192       960   957     741.3 
 193      1040   956     738.9 
 194      1120   957     741.5 
 195      1200   956     740.8 
 196      1280   956     747.9 
 197      1360   955     749.5 
 198      1440   955     748.0 
 199      1520   956     739.7 
 200      1600   955     750.6 
 201      1680   953     744.5 
 202      1760   953     741.4 
 203      1840   954     739.6 
 204      1920   953     745.8 
 205      2000   954     745.1 
 206      2080   955     739.1 
 207      2160   951     750.8 
 208      2240   953     744.7 
 209      2320   952     751.4 
 210      2400   953     744.7 
 211      2480   953     738.6 
 212      2560   954     748.3 
 213      2640   953     749.6 
 214      2720   953     746.0 
 215      2800   951     740.3 
 216      2880   953     745.1 
 217      2960   951     746.3 
 218      3040   950     744.0 
 219      3120   950     744.6 
 220      3200   952     739.3 
 221      3280   952     743.8 
 222      3360   950     753.9 
 223      3440   950     740.9 
 224      3520   949     742.0 
 225      3600   950     748.2 
 226      3680   949     739.5 
 227      3760   951     740.1 
 228      3840   950     742.7 
 229      3920   950     743.5 
 230      4000   950     742.2 
 231      4080   950     751.3 
 232      4160   949     744.2 
 233      4240   951     735.6 
 234      4320   950     734.1 
 235      4400   948     746.7 
 236      4480   948     745.6 
 237      4560   949     743.3 
 238      4640   947     742.0 
 239      4720   950     747.5 
 240      4800   950     742.6 
 241      4880   949     739.8 
 242      4960   948     744.7 
 243      5040   947     743.3 
 244      5120   949     740.3 
 245      5200   948     731.6 
 246      5280   946     749.9 
 247      5360   945     748.3 
 248      5440   947     747.6 
 249      5520   946     752.5 
 250      5600   947     743.1 
 251      5680   945     754.1 
 252      5760   945     742.8 
 253      5840   946     743.1 
 254      5920   945     737.7 
 255      6000   947     746.1 
 256      6080   945     738.2 
 257      6160   946     743.6 
 258      6240   946     741.3 
 259      6320   944     747.2 
 260      6400   945     751.1 
 261      6480   945     743.7 
 262      6560   944     749.5 
 263      6640   944     739.5 
 264      6720   944     749.6 
 265      6800   944     749.3 
 266      6880   945     742.9 
 267      6960   944     735.3 
 268      7040   943     744.0 
 269      7120   944     748.9 
 270      7200   944     745.7 
 271      7280   944     741.4 
 272      7360   943     743.3 
 273      7440   943     744.8 
 274      7520   944     742.2 
 275      7600   941     745.6 
 276      7680   943     745.1 
 277      7760   944     737.0 
 278      7840   943     743.8 
 279      7920   944     746.6 
 280      8000   942     746.4 
 281      8080   942     740.9 
 282      8160   942     742.9 
 283      8240   943     746.4 
 284      8320   943     744.5 
 285      8400   941     738.6 
 286      8480   941     745.2 
 287      8560   942     739.5 
 288      8640   941     742.6 
 289      8720   943     741.6 
 290      8800   943     743.4 
 291      8880   941     747.4 
 292      8960   943     739.1 
 293      9040   941     740.3 
 294      9120   942     743.6 
 295      9200   941     745.2 
 296      9280   941     744.2 
 297      9360   941     745.5 
 298      9440   942     742.1 
 299      9520   941     739.5 
 300      9600   941     740.3 
 301      9680   941     742.4 
 302      9760   940     739.1 
 303      9840   941     738.9 
 304      9920   940     741.2 
 305     10000   941     734.3 
 306     10080   940     743.8 
 307     10160   939     742.5 
 308     10240   941     734.9 
 309     10320   940     746.5 
 310     10400   940     741.9 
 311     10480   938     744.5 
 312     10560   937     736.0 
 313     10640   939     742.3 
 314     10720   939     747.5 
 315     10800   939     742.1 
 316     10880   939     745.0 
 317     10960   938     743.6 
 318     11040   941     744.3 
 319     11120   939     747.8 
 320     11200   939     745.0 
 321     11280   940     737.2 
 322     11360   939     746.8 
 323     11440   939     745.7 
 324     11520   940     740.4 
 325     11600   939     746.9 
 326     11680   936     744.0 
 327     11760   939     743.2 
 328     11840   938     739.9 
 329     11920   937     739.6 
 330     12000   939     742.8 
 331     12080   937     738.5 
 332     12160   938     740.4 
 333     12240   936     745.6 
 334     12320   936     740.1 
 335     12400   937     742.2 
 336     12480   938     746.5 
 337     12560   938     732.6 
 338     12640   938     747.1 
 339     12720   937     735.2 
 340     12800   937     736.1 
 341     12880   936     742.4 
 342     12960   937     734.9 
 343     13040   936     748.0 
 344     13120   937     736.5 
 345     13200   935     740.5 
 346     13280   937     749.8 
 347     13360   935     746.4 
 348     13440   936     741.8 
 349     13520   937     737.1 
 350     13600   937     735.9 
 351     13680   939     738.1 
 352     13760   935     744.5 
 353     13840   936     740.5 
 354     13920   935     743.9 
 355     14000   937     742.9 
 356     14080   935     741.8 
 357     14160   936     741.3 
 358     14240   935     740.2 
 359     14320   935     740.7 
 360     14400   935     744.5 
 361     14480   938     744.2 
 362     14560   937     742.2 
 363     14640   936     742.9 
 364     14720   935     745.3 
 365     14800   935     742.6 
 366     14880   936     745.3 
 367     14960   934     742.3 
 368     15040   935     747.6 
 369     15120   933     746.7 
 370     15200   936     732.2 
 371     15280   937     738.0 
 372     15360   936     737.5 
 373     15440   935     742.2 
 374     15520   936     740.9 
 375     15600   935     745.1 
 376     15680   934     742.6 
 377     15760   934     744.4 
 378     15840   934     742.6 
 379     15920   935     736.4 
 380     16000   935     744.1 
 381     16080   934     741.1 
 382     16160   934     748.5 
 383     16240   934     744.0 
 384     16320   936     735.9 
 385     16400   934     745.8 
 386     16480   935     740.2 
 387     16560   934     751.6 
 388     16640   935     738.8 
 389     16720   935     745.9 
 390     16800   934     748.2 
 391     16880   934     741.2 
 392     16960   935     743.1 
 393     17040   935     746.8 
 394     17120   934     741.6 
 395     17200   935     744.6 
 396     17280   935     737.6 
 397     17360   934     734.4 
 398     17440   936     741.1 
 399     17520   935     737.5 
 400     17600   935     747.0 
 401     17680   936     741.5 
 402     17760   934     744.6 
 403     17840   933     743.1 
 404     17920   934     738.3 
 405     18000   933     739.0 
 406     18080   935     738.6 
 407     18160   934     743.9 
 408     18240   935     743.4 
 409     18320   935     733.8 
 410     18400   933     743.6 
 411     18480   934     745.9 
 412     18560   934     742.4 
 413     18640   933     744.1 
 414     18720   934     750.9 
 415     18800   932     741.5 
 416     18880   933     743.9 
 417     18960   935     740.2 
 418     19040   934     738.9 
 419     19120   935     746.4 
 420     19200   933     742.8 
 421     19280   935     744.3 
 422     19360   934     742.5 
 423     19440   934     740.4 
 424     19520   933     738.9 
 425     19600   933     745.0 
 426     19680   933     734.6 
 427     19760   935     742.7 
 428     19840   933     742.6 
 429     19920   934     738.7 
 430     20000   933     744.1 
 431       100   506     696.0 
 432       200   507     702.6 
 433       300   507     704.3 
 434       400   509     700.2 
 435       500   508     695.9 
 436       600   509     701.6 
 437       900   501     689.8 
 438      1200   504     695.6 
 439      1500   502     690.4 
 440      2400   502     676.5 
 441      3435   502     691.2 
 442      4625   504     680.6 
 443      5993   505     680.0 
 444      7566   505     702.8 
 445      9375   506     683.0 
 446     11455   507     675.5 
 447     13847   508     681.1 
 448     16598   508     691.5 
 449     19762   510     672.2 
 450     23401   511     681.6 
 451     27586   509     668.4 
 452     32399   512     675.6 
 453     37934   510     696.5 
 454     44299   510     678.6 
 455     51619   512     668.8 
 456     60037   511     674.2 
 457     69718   511     690.0 
 458     80851   513     672.5 
 459     93654   511     673.2 
 460    108377   510     679.0 
 461    125308   511     674.2 
 462    144779   512     679.5 
 463    167171   509     686.4 
 464    192922   513     669.8 
 465    222536   511     675.9 
 466    256592   509     672.5 
 467    295756   510     673.1 
 468    340795   510     670.2 
 469    392590   509     676.2 
 470    452154   509     669.0 
