PC/104 FIRe Fluorometer 1.3.6
12/ 6/2019      3084
LED Color: blue
Gain:1400
Sample Delay (msec):  1000
Number Samples:  10
STF (usec):  120
STRP (#samples):   60
STRI (usec):   60
MTF (ms):    20
MTF (#samples):   250
MTRP (#samples):   40
MTRI (usec):  100
PQLen:     4
Ambient Light Source Power: On
PAR (uMol/m^2/s):126.32
Num PAR Steps:    8
PAR Off Int (sec):    0
PAR On Int (sec):    0
Comment:

         Time    EX   Fl-Yield 
DATA--------------------------
   0         0     0       0.0 
   1         1   513     666.9 
   2         2   910     702.0 
   3         3   980     712.6 
   4         4   992     715.7 
   5         5   996     718.5 
   6         6   996     716.4 
   7         7   997     711.2 
   8         8   997     720.5 
   9         9   997     724.8 
  10        10   997     725.2 
  11        11   998     720.9 
  12        12   998     724.3 
  13        13   998     728.1 
  14        14   997     725.1 
  15        15   997     721.8 
  16        16   997     736.0 
  17        17   998     734.0 
  18        18   999     731.9 
  19        19   997     731.8 
  20        20   998     735.7 
  21        21   999     731.7 
  22        22   999     732.6 
  23        23   998     736.9 
  24        24   998     735.1 
  25        25   999     732.4 
  26        26   999     733.9 
  27        27   999     736.9 
  28        28   998     735.8 
  29        29   999     735.3 
  30        30  1000     740.8 
  31        31   998     736.7 
  32        32   998     731.3 
  33        33   998     743.5 
  34        34   999     735.5 
  35        35   997     738.0 
  36        36   997     738.0 
  37        37   999     745.1 
  38        38   998     742.2 
  39        39   999     732.6 
  40        40   999     748.5 
  41        41   999     743.7 
  42        42   999     741.9 
  43        43   999     744.0 
  44        44   999     741.0 
  45        45   999     736.2 
  46        46   998     745.4 
  47        47   998     738.9 
  48        48   998     736.1 
  49        49   998     739.2 
  50        50   998     741.8 
  51        51   998     743.4 
  52        52   999     745.0 
  53        53   998     741.7 
  54        54   998     739.4 
  55        55   998     749.6 
  56        56   998     741.4 
  57        57   998     738.8 
  58        58   999     753.9 
  59        59   999     748.4 
  60        60   998     745.4 
  61        61   997     749.2 
  62        62   997     741.8 
  63        63   998     750.6 
  64        64   998     747.8 
  65        65   998     754.9 
  66        66   998     750.3 
  67        67   999     740.5 
  68        68   998     745.6 
  69        69   998     748.7 
  70        70   998     748.6 
  71        71   999     745.5 
  72        72   999     743.7 
  73        73   997     743.9 
  74        74   999     754.2 
  75        75   998     746.2 
  76        76   999     750.1 
  77        77   997     742.9 
  78        78   998     750.5 
  79        79   998     752.1 
  80        80   998     747.0 
  81        81   998     745.4 
  82        82   998     752.0 
  83        83   998     744.0 
  84        84   998     746.4 
  85        85   998     747.0 
  86        86   998     746.4 
  87        87   998     744.5 
  88        88   998     740.3 
  89        89   998     750.2 
  90        90   998     754.4 
  91        91   998     752.1 
  92        92   998     754.6 
  93        93   998     745.4 
  94        94   998     752.9 
  95        95   998     749.2 
  96        96   998     748.1 
  97        97   998     750.2 
  98        98   998     748.6 
  99        99   998     754.6 
 100       100   998     744.7 
 101       101   998     752.5 
 102       102   998     760.8 
 103       103   998     746.3 
 104       104   998     739.0 
 105       105   998     750.9 
 106       106   998     751.4 
 107       107   998     748.2 
 108       108   998     737.6 
 109       109   998     744.8 
 110       110   998     742.4 
 111       111   998     743.4 
 112       112   998     750.0 
 113       113   998     753.5 
 114       114   998     741.9 
 115       115   998     749.1 
 116       116   998     748.8 
 117       117   998     750.5 
 118       118   998     747.6 
 119       119   998     744.2 
 120       120   998     744.2 
 121       180   554     721.3 
 122       240   554     713.5 
 123       300   553     702.5 
 124       360   551     712.7 
 125       420   553     695.3 
 126       480   551     696.0 
 127       540   552     713.8 
 128       600   551     697.6 
 129       780   550     685.3 
 130       960   547     687.4 
 131      1140   545     683.7 
 132      1320   548     688.1 
 133      1500   547     670.9 
 134      2040   544     677.2 
 135      2661   539     688.7 
 136      3375   540     677.0 
 137      4196   537     683.1 
 138      5140   536     662.7 
 139      6226   538     663.0 
 140      7475   537     665.7 
 141      8911   534     667.2 
 142     10562   533     668.1 
 143     12461   534     676.6 
 144     14645   530     677.9 
 145     17157   531     659.3 
 146     20046   530     671.9 
 147     23368   529     668.8 
 148     27188   528     671.0 
 149     31581   528     669.1 
 150     36633   528     678.4 
 151     42443   526     666.7 
 152     49125   525     660.6 
 153     56809   527     671.9 
 154     65646   524     678.2 
 155     75809   525     668.0 
 156     87496   525     676.8 
 157    100936   522     683.7 
 158    116392   521     674.1 
 159    134166   520     662.7 
 160    154606   520     673.7 
 161    178112   520     671.7 
 162    205144   520     664.2 
 163    236231   520     667.3 
 164    271981   520     672.3 
 165    313093   520     662.9 
 166    360372   520     665.2 
 167    414743   520     666.2 
 168    477270   520     666.3 
 169    542270   520     673.1 
 170    607270   520     669.4 
 171    672270   520     674.8 
 172    737270   520     657.9 
 173    802270   520     672.3 
 174    867270   520     681.9 
 175    932270   520     650.4 
 176    997270   520     683.1 
 177   1062270   520     670.2 
 178   1127270   520     666.0 
 179   1192270   520     672.3 
 180   1257270   520     672.3 
 181        80   954     709.3 
 182       160   957     731.1 
 183       240   957     736.2 
 184       320   958     733.1 
 185       400   958     739.8 
 186       480   956     741.6 
 187       560   956     754.1 
 188       640   956     747.1 
 189       720   956     756.0 
 190       800   956     744.4 
 191       880   955     748.5 
 192       960   957     751.0 
 193      1040   956     745.6 
 194      1120   957     742.9 
 195      1200   956     749.5 
 196      1280   956     747.8 
 197      1360   955     756.1 
 198      1440   955     744.1 
 199      1520   956     753.2 
 200      1600   955     750.2 
 201      1680   953     757.7 
 202      1760   953     752.6 
 203      1840   954     749.3 
 204      1920   953     752.2 
 205      2000   954     747.4 
 206      2080   955     748.7 
 207      2160   951     753.0 
 208      2240   953     753.6 
 209      2320   952     747.3 
 210      2400   953     747.4 
 211      2480   953     750.7 
 212      2560   954     747.0 
 213      2640   953     761.3 
 214      2720   953     754.1 
 215      2800   951     751.1 
 216      2880   953     749.4 
 217      2960   951     758.7 
 218      3040   950     756.5 
 219      3120   950     757.6 
 220      3200   952     755.6 
 221      3280   952     759.3 
 222      3360   950     755.7 
 223      3440   950     754.7 
 224      3520   949     750.6 
 225      3600   950     748.3 
 226      3680   949     754.0 
 227      3760   951     755.6 
 228      3840   950     756.7 
 229      3920   950     756.0 
 230      4000   950     749.1 
 231      4080   950     754.1 
 232      4160   949     756.4 
 233      4240   951     747.4 
 234      4320   950     757.9 
 235      4400   948     748.2 
 236      4480   948     749.9 
 237      4560   949     747.6 
 238      4640   947     754.1 
 239      4720   950     751.5 
 240      4800   950     745.4 
 241      4880   949     757.6 
 242      4960   948     752.6 
 243      5040   947     754.4 
 244      5120   949     747.7 
 245      5200   948     755.3 
 246      5280   946     750.4 
 247      5360   945     755.4 
 248      5440   947     756.3 
 249      5520   946     754.3 
 250      5600   947     754.2 
 251      5680   945     760.4 
 252      5760   945     747.5 
 253      5840   946     749.7 
 254      5920   945     757.8 
 255      6000   947     746.7 
 256      6080   945     745.0 
 257      6160   946     748.5 
 258      6240   946     751.7 
 259      6320   944     747.4 
 260      6400   945     754.6 
 261      6480   945     751.2 
 262      6560   944     757.1 
 263      6640   944     747.8 
 264      6720   944     739.2 
 265      6800   944     758.9 
 266      6880   945     757.8 
 267      6960   944     748.4 
 268      7040   943     752.9 
 269      7120   944     750.7 
 270      7200   944     755.5 
 271      7280   944     751.0 
 272      7360   943     750.1 
 273      7440   943     750.9 
 274      7520   944     750.4 
 275      7600   941     752.3 
 276      7680   943     756.7 
 277      7760   944     751.6 
 278      7840   943     751.5 
 279      7920   944     747.6 
 280      8000   942     753.2 
 281      8080   942     746.7 
 282      8160   942     757.2 
 283      8240   943     751.5 
 284      8320   943     755.1 
 285      8400   941     749.6 
 286      8480   941     756.6 
 287      8560   942     746.1 
 288      8640   941     752.5 
 289      8720   943     750.6 
 290      8800   943     745.1 
 291      8880   941     757.2 
 292      8960   943     752.8 
 293      9040   941     748.2 
 294      9120   942     747.3 
 295      9200   941     734.0 
 296      9280   941     755.0 
 297      9360   941     753.2 
 298      9440   942     749.3 
 299      9520   941     754.4 
 300      9600   941     756.1 
 301      9680   941     751.4 
 302      9760   940     748.3 
 303      9840   941     750.7 
 304      9920   940     749.5 
 305     10000   941     743.9 
 306     10080   940     744.1 
 307     10160   939     749.7 
 308     10240   941     742.0 
 309     10320   940     751.7 
 310     10400   940     748.6 
 311     10480   938     754.6 
 312     10560   937     755.7 
 313     10640   939     756.0 
 314     10720   939     754.2 
 315     10800   939     756.3 
 316     10880   939     756.7 
 317     10960   938     749.3 
 318     11040   941     750.8 
 319     11120   939     754.8 
 320     11200   939     753.2 
 321     11280   940     745.4 
 322     11360   939     755.1 
 323     11440   939     752.3 
 324     11520   940     746.3 
 325     11600   939     752.3 
 326     11680   936     740.1 
 327     11760   939     751.1 
 328     11840   938     750.0 
 329     11920   937     745.6 
 330     12000   939     755.4 
 331     12080   937     750.8 
 332     12160   938     750.6 
 333     12240   936     750.9 
 334     12320   936     754.5 
 335     12400   937     758.8 
 336     12480   938     752.1 
 337     12560   938     754.4 
 338     12640   938     755.2 
 339     12720   937     758.7 
 340     12800   937     749.7 
 341     12880   936     751.8 
 342     12960   937     741.0 
 343     13040   936     751.1 
 344     13120   937     752.4 
 345     13200   935     752.8 
 346     13280   937     748.5 
 347     13360   935     746.4 
 348     13440   936     749.6 
 349     13520   937     752.3 
 350     13600   937     752.7 
 351     13680   939     754.0 
 352     13760   935     752.5 
 353     13840   936     752.6 
 354     13920   935     757.1 
 355     14000   937     749.8 
 356     14080   935     751.1 
 357     14160   936     748.7 
 358     14240   935     747.6 
 359     14320   935     754.7 
 360     14400   935     750.7 
 361     14480   938     757.1 
 362     14560   937     749.8 
 363     14640   936     747.8 
 364     14720   935     750.4 
 365     14800   935     745.3 
 366     14880   936     754.9 
 367     14960   934     757.2 
 368     15040   935     746.2 
 369     15120   933     750.1 
 370     15200   936     747.1 
 371     15280   937     739.1 
 372     15360   936     750.5 
 373     15440   935     749.0 
 374     15520   936     758.4 
 375     15600   935     757.3 
 376     15680   934     750.4 
 377     15760   934     756.6 
 378     15840   934     754.3 
 379     15920   935     752.6 
 380     16000   935     747.2 
 381     16080   934     748.4 
 382     16160   934     745.8 
 383     16240   934     748.1 
 384     16320   936     752.8 
 385     16400   934     755.6 
 386     16480   935     760.7 
 387     16560   934     745.8 
 388     16640   935     748.8 
 389     16720   935     745.8 
 390     16800   934     748.2 
 391     16880   934     752.6 
 392     16960   935     751.6 
 393     17040   935     749.3 
 394     17120   934     746.4 
 395     17200   935     749.6 
 396     17280   935     751.0 
 397     17360   934     759.2 
 398     17440   936     753.1 
 399     17520   935     753.0 
 400     17600   935     744.6 
 401     17680   936     755.8 
 402     17760   934     756.7 
 403     17840   933     759.2 
 404     17920   934     753.7 
 405     18000   933     749.5 
 406     18080   935     752.1 
 407     18160   934     747.4 
 408     18240   935     753.4 
 409     18320   935     759.3 
 410     18400   933     758.2 
 411     18480   934     755.9 
 412     18560   934     754.6 
 413     18640   933     746.9 
 414     18720   934     757.9 
 415     18800   932     758.6 
 416     18880   933     752.6 
 417     18960   935     754.8 
 418     19040   934     752.0 
 419     19120   935     755.5 
 420     19200   933     752.2 
 421     19280   935     751.6 
 422     19360   934     748.6 
 423     19440   934     751.8 
 424     19520   933     749.2 
 425     19600   933     755.5 
 426     19680   933     764.3 
 427     19760   935     751.3 
 428     19840   933     759.7 
 429     19920   934     749.6 
 430     20000   933     758.7 
 431       100   506     728.1 
 432       200   507     709.9 
 433       300   507     704.9 
 434       400   509     704.3 
 435       500   508     713.6 
 436       600   509     704.9 
 437       900   501     714.0 
 438      1200   504     718.7 
 439      1500   502     689.4 
 440      2400   502     707.6 
 441      3435   502     689.2 
 442      4625   504     681.7 
 443      5993   505     677.8 
 444      7566   505     702.2 
 445      9375   506     707.1 
 446     11455   507     690.5 
 447     13847   508     688.2 
 448     16598   508     688.2 
 449     19762   510     692.4 
 450     23401   511     688.3 
 451     27586   509     689.6 
 452     32399   512     686.3 
 453     37934   510     688.4 
 454     44299   510     691.8 
 455     51619   512     682.4 
 456     60037   511     694.9 
 457     69718   511     667.5 
 458     80851   513     687.9 
 459     93654   511     663.0 
 460    108377   510     676.1 
 461    125308   511     678.5 
 462    144779   512     674.8 
 463    167171   509     680.7 
 464    192922   513     679.1 
 465    222536   511     670.5 
 466    256592   509     680.6 
 467    295756   510     667.1 
 468    340795   510     690.2 
 469    392590   509     678.6 
 470    452154   509     691.6 
