PC/104 FIRe Fluorometer 1.3.6
12/ 6/2019      2950
LED Color: blue
Gain:1400
Sample Delay (msec):  1000
Number Samples:  10
STF (usec):  120
STRP (#samples):   60
STRI (usec):   60
MTF (ms):    20
MTF (#samples):   250
MTRP (#samples):   40
MTRI (usec):  100
PQLen:     4
Ambient Light Source Power: On
PAR (uMol/m^2/s): 73.68
Num PAR Steps:   13
PAR Off Int (sec):    0
PAR On Int (sec):    0
Comment:

         Time    EX   Fl-Yield 
DATA--------------------------
   0         0     0       0.0 
   1         1   513    1017.9 
   2         2   910    1052.2 
   3         3   980    1071.2 
   4         4   992    1071.0 
   5         5   996    1064.1 
   6         6   996    1068.2 
   7         7   997    1065.7 
   8         8   997    1061.8 
   9         9   997    1076.4 
  10        10   997    1074.9 
  11        11   998    1082.0 
  12        12   998    1078.1 
  13        13   998    1080.6 
  14        14   997    1083.0 
  15        15   997    1080.3 
  16        16   997    1093.1 
  17        17   998    1091.6 
  18        18   999    1081.7 
  19        19   997    1088.9 
  20        20   998    1084.0 
  21        21   999    1090.1 
  22        22   999    1093.0 
  23        23   998    1094.6 
  24        24   998    1085.1 
  25        25   999    1097.1 
  26        26   999    1099.5 
  27        27   999    1098.1 
  28        28   998    1090.8 
  29        29   999    1094.9 
  30        30  1000    1109.9 
  31        31   998    1111.7 
  32        32   998    1103.1 
  33        33   998    1104.4 
  34        34   999    1103.9 
  35        35   997    1103.0 
  36        36   997    1104.7 
  37        37   999    1098.6 
  38        38   998    1100.9 
  39        39   999    1102.7 
  40        40   999    1102.7 
  41        41   999    1100.0 
  42        42   999    1103.9 
  43        43   999    1098.7 
  44        44   999    1107.5 
  45        45   999    1108.2 
  46        46   998    1108.5 
  47        47   998    1118.2 
  48        48   998    1105.5 
  49        49   998    1113.3 
  50        50   998    1099.0 
  51        51   998    1109.8 
  52        52   999    1101.1 
  53        53   998    1103.0 
  54        54   998    1113.4 
  55        55   998    1103.4 
  56        56   998    1106.9 
  57        57   998    1115.7 
  58        58   999    1107.7 
  59        59   999    1109.0 
  60        60   998    1108.7 
  61        61   997    1115.2 
  62        62   997    1108.2 
  63        63   998    1110.5 
  64        64   998    1110.6 
  65        65   998    1117.4 
  66        66   998    1109.9 
  67        67   999    1108.3 
  68        68   998    1111.1 
  69        69   998    1110.1 
  70        70   998    1109.3 
  71        71   999    1101.8 
  72        72   999    1110.1 
  73        73   997    1116.5 
  74        74   999    1111.1 
  75        75   998    1110.1 
  76        76   999    1109.6 
  77        77   997    1116.2 
  78        78   998    1106.9 
  79        79   998    1108.2 
  80        80   998    1113.3 
  81        81   998    1109.7 
  82        82   998    1108.9 
  83        83   998    1105.9 
  84        84   998    1113.4 
  85        85   998    1118.8 
  86        86   998    1109.3 
  87        87   998    1108.8 
  88        88   998    1112.7 
  89        89   998    1119.6 
  90        90   998    1112.2 
  91        91   998    1116.8 
  92        92   998    1114.8 
  93        93   998    1108.6 
  94        94   998    1110.8 
  95        95   998    1118.0 
  96        96   998    1109.2 
  97        97   998    1109.9 
  98        98   998    1118.9 
  99        99   998    1117.5 
 100       100   998    1111.6 
 101       101   998    1114.3 
 102       102   998    1116.6 
 103       103   998    1116.5 
 104       104   998    1111.0 
 105       105   998    1114.5 
 106       106   998    1108.8 
 107       107   998    1112.3 
 108       108   998    1125.3 
 109       109   998    1113.2 
 110       110   998    1110.9 
 111       111   998    1112.9 
 112       112   998    1102.8 
 113       113   998    1117.4 
 114       114   998    1115.5 
 115       115   998    1110.4 
 116       116   998    1105.9 
 117       117   998    1110.4 
 118       118   998    1113.5 
 119       119   998    1109.6 
 120       120   998    1109.6 
 121       180   554    1090.6 
 122       240   554    1093.3 
 123       300   553    1092.4 
 124       360   551    1081.5 
 125       420   553    1073.2 
 126       480   551    1051.4 
 127       540   552    1065.6 
 128       600   551    1038.1 
 129       780   550    1055.5 
 130       960   547    1045.9 
 131      1140   545    1023.7 
 132      1320   548    1033.4 
 133      1500   547    1027.2 
 134      2040   544    1006.3 
 135      2661   539    1021.3 
 136      3375   540    1026.1 
 137      4196   537     996.3 
 138      5140   536    1004.5 
 139      6226   538    1013.4 
 140      7475   537     992.7 
 141      8911   534    1032.0 
 142     10562   533    1037.3 
 143     12461   534    1003.7 
 144     14645   530    1016.4 
 145     17157   531    1013.9 
 146     20046   530    1004.0 
 147     23368   529     993.2 
 148     27188   528    1004.7 
 149     31581   528    1002.1 
 150     36633   528    1003.6 
 151     42443   526    1024.1 
 152     49125   525    1002.3 
 153     56809   527     992.4 
 154     65646   524    1001.7 
 155     75809   525    1015.8 
 156     87496   525     989.9 
 157    100936   522     996.2 
 158    116392   521    1027.3 
 159    134166   520     988.7 
 160    154606   520     999.2 
 161    178112   520    1018.5 
 162    205144   520    1002.5 
 163    236231   520     996.3 
 164    271981   520     992.1 
 165    313093   520     994.8 
 166    360372   520     986.7 
 167    414743   520     993.3 
 168    477270   520    1005.8 
 169    542270   520     995.6 
 170    607270   520    1009.8 
 171    672270   520     988.5 
 172    737270   520    1011.5 
 173    802270   520     998.7 
 174    867270   520     980.6 
 175    932270   520     975.8 
 176    997270   520    1017.3 
 177   1062270   520     995.0 
 178   1127270   520    1013.3 
 179   1192270   520     996.7 
 180   1257270   520     996.7 
 181        80   954    1053.9 
 182       160   957    1086.7 
 183       240   957    1102.0 
 184       320   958    1108.5 
 185       400   958    1109.7 
 186       480   956    1122.6 
 187       560   956    1116.6 
 188       640   956    1113.4 
 189       720   956    1126.3 
 190       800   956    1125.3 
 191       880   955    1125.0 
 192       960   957    1116.7 
 193      1040   956    1122.1 
 194      1120   957    1121.4 
 195      1200   956    1121.2 
 196      1280   956    1112.3 
 197      1360   955    1126.7 
 198      1440   955    1119.2 
 199      1520   956    1123.8 
 200      1600   955    1121.9 
 201      1680   953    1124.8 
 202      1760   953    1131.3 
 203      1840   954    1125.9 
 204      1920   953    1123.2 
 205      2000   954    1130.5 
 206      2080   955    1132.9 
 207      2160   951    1130.5 
 208      2240   953    1123.7 
 209      2320   952    1132.5 
 210      2400   953    1125.2 
 211      2480   953    1130.2 
 212      2560   954    1120.3 
 213      2640   953    1128.0 
 214      2720   953    1129.1 
 215      2800   951    1129.5 
 216      2880   953    1132.5 
 217      2960   951    1128.9 
 218      3040   950    1127.5 
 219      3120   950    1131.2 
 220      3200   952    1134.7 
 221      3280   952    1119.3 
 222      3360   950    1120.6 
 223      3440   950    1120.1 
 224      3520   949    1131.4 
 225      3600   950    1128.6 
 226      3680   949    1131.4 
 227      3760   951    1138.2 
 228      3840   950    1130.0 
 229      3920   950    1126.5 
 230      4000   950    1128.4 
 231      4080   950    1133.9 
 232      4160   949    1130.0 
 233      4240   951    1124.6 
 234      4320   950    1123.2 
 235      4400   948    1134.4 
 236      4480   948    1132.0 
 237      4560   949    1128.2 
 238      4640   947    1132.3 
 239      4720   950    1128.5 
 240      4800   950    1127.6 
 241      4880   949    1123.6 
 242      4960   948    1123.6 
 243      5040   947    1133.1 
 244      5120   949    1124.6 
 245      5200   948    1122.3 
 246      5280   946    1131.5 
 247      5360   945    1130.7 
 248      5440   947    1126.6 
 249      5520   946    1129.4 
 250      5600   947    1126.9 
 251      5680   945    1133.0 
 252      5760   945    1135.1 
 253      5840   946    1126.8 
 254      5920   945    1127.3 
 255      6000   947    1127.8 
 256      6080   945    1129.6 
 257      6160   946    1135.3 
 258      6240   946    1129.4 
 259      6320   944    1124.3 
 260      6400   945    1122.2 
 261      6480   945    1130.9 
 262      6560   944    1137.2 
 263      6640   944    1130.3 
 264      6720   944    1135.3 
 265      6800   944    1126.4 
 266      6880   945    1122.4 
 267      6960   944    1128.2 
 268      7040   943    1128.7 
 269      7120   944    1126.4 
 270      7200   944    1132.4 
 271      7280   944    1128.5 
 272      7360   943    1119.5 
 273      7440   943    1121.8 
 274      7520   944    1131.8 
 275      7600   941    1128.2 
 276      7680   943    1129.1 
 277      7760   944    1130.5 
 278      7840   943    1130.2 
 279      7920   944    1123.0 
 280      8000   942    1127.9 
 281      8080   942    1125.5 
 282      8160   942    1120.7 
 283      8240   943    1122.7 
 284      8320   943    1119.2 
 285      8400   941    1134.1 
 286      8480   941    1128.2 
 287      8560   942    1135.9 
 288      8640   941    1134.6 
 289      8720   943    1136.6 
 290      8800   943    1124.8 
 291      8880   941    1132.5 
 292      8960   943    1128.8 
 293      9040   941    1127.1 
 294      9120   942    1116.5 
 295      9200   941    1131.7 
 296      9280   941    1124.0 
 297      9360   941    1124.5 
 298      9440   942    1130.3 
 299      9520   941    1123.0 
 300      9600   941    1130.6 
 301      9680   941    1125.5 
 302      9760   940    1128.5 
 303      9840   941    1123.9 
 304      9920   940    1121.5 
 305     10000   941    1121.1 
 306     10080   940    1127.6 
 307     10160   939    1131.3 
 308     10240   941    1129.4 
 309     10320   940    1133.2 
 310     10400   940    1123.9 
 311     10480   938    1132.0 
 312     10560   937    1132.0 
 313     10640   939    1131.0 
 314     10720   939    1128.3 
 315     10800   939    1131.7 
 316     10880   939    1129.2 
 317     10960   938    1132.1 
 318     11040   941    1126.4 
 319     11120   939    1123.1 
 320     11200   939    1133.4 
 321     11280   940    1129.9 
 322     11360   939    1128.3 
 323     11440   939    1126.4 
 324     11520   940    1122.8 
 325     11600   939    1126.4 
 326     11680   936    1120.7 
 327     11760   939    1120.9 
 328     11840   938    1123.2 
 329     11920   937    1128.6 
 330     12000   939    1127.3 
 331     12080   937    1126.8 
 332     12160   938    1123.2 
 333     12240   936    1128.7 
 334     12320   936    1131.2 
 335     12400   937    1111.1 
 336     12480   938    1120.8 
 337     12560   938    1127.2 
 338     12640   938    1116.3 
 339     12720   937    1127.3 
 340     12800   937    1131.2 
 341     12880   936    1128.0 
 342     12960   937    1122.8 
 343     13040   936    1134.2 
 344     13120   937    1123.5 
 345     13200   935    1115.8 
 346     13280   937    1129.5 
 347     13360   935    1131.2 
 348     13440   936    1133.8 
 349     13520   937    1121.5 
 350     13600   937    1123.1 
 351     13680   939    1123.1 
 352     13760   935    1130.2 
 353     13840   936    1131.5 
 354     13920   935    1136.6 
 355     14000   937    1128.6 
 356     14080   935    1134.4 
 357     14160   936    1127.2 
 358     14240   935    1124.8 
 359     14320   935    1124.5 
 360     14400   935    1128.9 
 361     14480   938    1123.0 
 362     14560   937    1126.8 
 363     14640   936    1125.5 
 364     14720   935    1140.7 
 365     14800   935    1132.6 
 366     14880   936    1130.9 
 367     14960   934    1134.5 
 368     15040   935    1132.6 
 369     15120   933    1137.1 
 370     15200   936    1133.3 
 371     15280   937    1128.2 
 372     15360   936    1127.5 
 373     15440   935    1127.5 
 374     15520   936    1124.1 
 375     15600   935    1127.4 
 376     15680   934    1122.6 
 377     15760   934    1130.5 
 378     15840   934    1126.1 
 379     15920   935    1127.8 
 380     16000   935    1129.6 
 381     16080   934    1124.9 
 382     16160   934    1124.4 
 383     16240   934    1134.9 
 384     16320   936    1131.2 
 385     16400   934    1138.8 
 386     16480   935    1121.4 
 387     16560   934    1130.2 
 388     16640   935    1130.3 
 389     16720   935    1136.4 
 390     16800   934    1126.1 
 391     16880   934    1133.9 
 392     16960   935    1124.9 
 393     17040   935    1136.4 
 394     17120   934    1126.4 
 395     17200   935    1130.7 
 396     17280   935    1118.1 
 397     17360   934    1135.7 
 398     17440   936    1123.6 
 399     17520   935    1135.4 
 400     17600   935    1125.0 
 401     17680   936    1115.2 
 402     17760   934    1132.2 
 403     17840   933    1130.9 
 404     17920   934    1130.5 
 405     18000   933    1131.0 
 406     18080   935    1126.6 
 407     18160   934    1138.5 
 408     18240   935    1130.7 
 409     18320   935    1123.7 
 410     18400   933    1132.2 
 411     18480   934    1130.2 
 412     18560   934    1133.3 
 413     18640   933    1125.8 
 414     18720   934    1131.6 
 415     18800   932    1137.3 
 416     18880   933    1131.2 
 417     18960   935    1122.9 
 418     19040   934    1130.6 
 419     19120   935    1127.1 
 420     19200   933    1136.0 
 421     19280   935    1128.8 
 422     19360   934    1137.6 
 423     19440   934    1133.2 
 424     19520   933    1123.5 
 425     19600   933    1134.6 
 426     19680   933    1130.7 
 427     19760   935    1126.6 
 428     19840   933    1137.5 
 429     19920   934    1131.6 
 430     20000   933    1141.5 
 431       100   506    1092.7 
 432       200   507    1068.6 
 433       300   507    1079.1 
 434       400   509    1056.4 
 435       500   508    1087.2 
 436       600   509    1082.5 
 437       900   501    1075.8 
 438      1200   504    1087.9 
 439      1500   502    1075.5 
 440      2400   502    1059.0 
 441      3435   502    1039.8 
 442      4625   504    1046.4 
 443      5993   505    1045.9 
 444      7566   505    1060.6 
 445      9375   506    1059.1 
 446     11455   507    1038.7 
 447     13847   508    1057.5 
 448     16598   508    1030.5 
 449     19762   510    1024.3 
 450     23401   511    1020.4 
 451     27586   509    1044.4 
 452     32399   512    1022.1 
 453     37934   510    1034.3 
 454     44299   510    1038.6 
 455     51619   512    1024.6 
 456     60037   511    1035.0 
 457     69718   511    1028.6 
 458     80851   513    1016.8 
 459     93654   511     997.8 
 460    108377   510    1032.7 
 461    125308   511     995.7 
 462    144779   512    1030.5 
 463    167171   509    1019.8 
 464    192922   513    1031.2 
 465    222536   511    1007.0 
 466    256592   509    1015.3 
 467    295756   510    1010.2 
 468    340795   510    1015.9 
 469    392590   509    1006.9 
 470    452154   509     994.3 
