PC/104 FIRe Fluorometer 1.3.6
12/ 6/2019      2843
LED Color: blue
Gain:1400
Sample Delay (msec):  1000
Number Samples:  10
STF (usec):  120
STRP (#samples):   60
STRI (usec):   60
MTF (ms):    20
MTF (#samples):   250
MTRP (#samples):   40
MTRI (usec):  100
PQLen:     4
Ambient Light Source Power: On
PAR (uMol/m^2/s): 31.58
Num PAR Steps:   17
PAR Off Int (sec):    0
PAR On Int (sec):    0
Comment:

         Time    EX   Fl-Yield 
DATA--------------------------
   0         0     0       0.0 
   1         1   513    1221.4 
   2         2   910    1299.3 
   3         3   980    1311.1 
   4         4   992    1314.6 
   5         5   996    1319.4 
   6         6   996    1326.4 
   7         7   997    1331.8 
   8         8   997    1339.6 
   9         9   997    1339.6 
  10        10   997    1351.7 
  11        11   998    1344.0 
  12        12   998    1356.2 
  13        13   998    1361.4 
  14        14   997    1363.1 
  15        15   997    1368.0 
  16        16   997    1364.5 
  17        17   998    1364.9 
  18        18   999    1369.2 
  19        19   997    1376.3 
  20        20   998    1378.7 
  21        21   999    1366.8 
  22        22   999    1373.6 
  23        23   998    1380.1 
  24        24   998    1391.2 
  25        25   999    1381.0 
  26        26   999    1392.0 
  27        27   999    1388.0 
  28        28   998    1386.1 
  29        29   999    1388.4 
  30        30  1000    1389.2 
  31        31   998    1385.7 
  32        32   998    1389.7 
  33        33   998    1382.1 
  34        34   999    1390.9 
  35        35   997    1393.2 
  36        36   997    1393.9 
  37        37   999    1393.7 
  38        38   998    1393.9 
  39        39   999    1391.2 
  40        40   999    1395.3 
  41        41   999    1394.8 
  42        42   999    1400.5 
  43        43   999    1394.3 
  44        44   999    1397.9 
  45        45   999    1398.6 
  46        46   998    1401.1 
  47        47   998    1395.1 
  48        48   998    1403.8 
  49        49   998    1408.8 
  50        50   998    1392.1 
  51        51   998    1408.1 
  52        52   999    1397.0 
  53        53   998    1405.6 
  54        54   998    1408.6 
  55        55   998    1401.6 
  56        56   998    1411.6 
  57        57   998    1396.5 
  58        58   999    1405.4 
  59        59   999    1412.6 
  60        60   998    1399.9 
  61        61   997    1398.9 
  62        62   997    1407.2 
  63        63   998    1408.1 
  64        64   998    1397.3 
  65        65   998    1415.8 
  66        66   998    1407.5 
  67        67   999    1416.0 
  68        68   998    1401.9 
  69        69   998    1400.7 
  70        70   998    1402.7 
  71        71   999    1406.8 
  72        72   999    1411.0 
  73        73   997    1408.3 
  74        74   999    1410.3 
  75        75   998    1411.1 
  76        76   999    1409.2 
  77        77   997    1410.5 
  78        78   998    1411.6 
  79        79   998    1415.3 
  80        80   998    1410.0 
  81        81   998    1410.4 
  82        82   998    1411.4 
  83        83   998    1408.0 
  84        84   998    1413.8 
  85        85   998    1411.5 
  86        86   998    1414.3 
  87        87   998    1412.1 
  88        88   998    1410.9 
  89        89   998    1416.0 
  90        90   998    1407.5 
  91        91   998    1409.7 
  92        92   998    1418.3 
  93        93   998    1411.9 
  94        94   998    1415.6 
  95        95   998    1412.1 
  96        96   998    1407.1 
  97        97   998    1413.4 
  98        98   998    1418.1 
  99        99   998    1409.2 
 100       100   998    1419.1 
 101       101   998    1409.7 
 102       102   998    1415.0 
 103       103   998    1412.3 
 104       104   998    1414.0 
 105       105   998    1414.2 
 106       106   998    1412.1 
 107       107   998    1407.2 
 108       108   998    1409.1 
 109       109   998    1413.8 
 110       110   998    1413.3 
 111       111   998    1414.4 
 112       112   998    1408.8 
 113       113   998    1413.1 
 114       114   998    1410.1 
 115       115   998    1408.3 
 116       116   998    1411.3 
 117       117   998    1409.7 
 118       118   998    1404.4 
 119       119   998    1413.9 
 120       120   998    1413.9 
 121       180   554    1402.2 
 122       240   554    1407.9 
 123       300   553    1410.5 
 124       360   551    1410.0 
 125       420   553    1393.7 
 126       480   551    1400.2 
 127       540   552    1379.2 
 128       600   551    1375.1 
 129       780   550    1369.1 
 130       960   547    1345.7 
 131      1140   545    1374.1 
 132      1320   548    1345.4 
 133      1500   547    1311.2 
 134      2040   544    1320.0 
 135      2661   539    1319.5 
 136      3375   540    1304.6 
 137      4196   537    1302.6 
 138      5140   536    1282.3 
 139      6226   538    1287.9 
 140      7475   537    1297.2 
 141      8911   534    1299.1 
 142     10562   533    1270.2 
 143     12461   534    1288.2 
 144     14645   530    1278.7 
 145     17157   531    1302.4 
 146     20046   530    1289.6 
 147     23368   529    1292.8 
 148     27188   528    1283.0 
 149     31581   528    1275.8 
 150     36633   528    1293.0 
 151     42443   526    1274.0 
 152     49125   525    1278.1 
 153     56809   527    1296.6 
 154     65646   524    1289.3 
 155     75809   525    1277.1 
 156     87496   525    1281.0 
 157    100936   522    1288.9 
 158    116392   521    1292.9 
 159    134166   520    1304.8 
 160    154606   520    1280.0 
 161    178112   520    1289.8 
 162    205144   520    1255.6 
 163    236231   520    1296.0 
 164    271981   520    1239.0 
 165    313093   520    1272.5 
 166    360372   520    1273.5 
 167    414743   520    1278.1 
 168    477270   520    1257.9 
 169    542270   520    1271.0 
 170    607270   520    1262.5 
 171    672270   520    1285.4 
 172    737270   520    1278.8 
 173    802270   520    1268.1 
 174    867270   520    1285.4 
 175    932270   520    1281.9 
 176    997270   520    1240.2 
 177   1062270   520    1285.4 
 178   1127270   520    1266.2 
 179   1192270   520    1285.8 
 180   1257270   520    1285.8 
 181        80   954    1323.3 
 182       160   957    1393.1 
 183       240   957    1410.4 
 184       320   958    1416.8 
 185       400   958    1415.6 
 186       480   956    1431.5 
 187       560   956    1439.1 
 188       640   956    1444.4 
 189       720   956    1437.0 
 190       800   956    1427.7 
 191       880   955    1437.6 
 192       960   957    1430.8 
 193      1040   956    1425.9 
 194      1120   957    1432.3 
 195      1200   956    1435.5 
 196      1280   956    1443.3 
 197      1360   955    1446.2 
 198      1440   955    1439.9 
 199      1520   956    1438.5 
 200      1600   955    1435.0 
 201      1680   953    1449.0 
 202      1760   953    1439.2 
 203      1840   954    1433.3 
 204      1920   953    1442.7 
 205      2000   954    1438.5 
 206      2080   955    1436.5 
 207      2160   951    1443.2 
 208      2240   953    1442.4 
 209      2320   952    1445.1 
 210      2400   953    1433.4 
 211      2480   953    1447.7 
 212      2560   954    1444.4 
 213      2640   953    1453.3 
 214      2720   953    1445.2 
 215      2800   951    1440.4 
 216      2880   953    1449.5 
 217      2960   951    1447.9 
 218      3040   950    1452.2 
 219      3120   950    1443.5 
 220      3200   952    1446.4 
 221      3280   952    1437.6 
 222      3360   950    1446.2 
 223      3440   950    1448.4 
 224      3520   949    1448.2 
 225      3600   950    1451.3 
 226      3680   949    1455.1 
 227      3760   951    1446.0 
 228      3840   950    1456.6 
 229      3920   950    1445.7 
 230      4000   950    1445.3 
 231      4080   950    1443.5 
 232      4160   949    1437.0 
 233      4240   951    1444.2 
 234      4320   950    1442.4 
 235      4400   948    1447.3 
 236      4480   948    1449.1 
 237      4560   949    1442.8 
 238      4640   947    1453.3 
 239      4720   950    1440.7 
 240      4800   950    1435.6 
 241      4880   949    1448.4 
 242      4960   948    1452.2 
 243      5040   947    1457.6 
 244      5120   949    1447.8 
 245      5200   948    1453.0 
 246      5280   946    1452.1 
 247      5360   945    1461.2 
 248      5440   947    1447.1 
 249      5520   946    1443.0 
 250      5600   947    1443.0 
 251      5680   945    1450.9 
 252      5760   945    1447.4 
 253      5840   946    1457.9 
 254      5920   945    1452.8 
 255      6000   947    1446.8 
 256      6080   945    1439.2 
 257      6160   946    1447.5 
 258      6240   946    1452.2 
 259      6320   944    1449.5 
 260      6400   945    1450.7 
 261      6480   945    1441.6 
 262      6560   944    1456.1 
 263      6640   944    1449.6 
 264      6720   944    1453.5 
 265      6800   944    1459.1 
 266      6880   945    1446.9 
 267      6960   944    1456.1 
 268      7040   943    1456.8 
 269      7120   944    1448.4 
 270      7200   944    1447.8 
 271      7280   944    1445.9 
 272      7360   943    1451.2 
 273      7440   943    1454.0 
 274      7520   944    1438.1 
 275      7600   941    1447.4 
 276      7680   943    1456.7 
 277      7760   944    1446.4 
 278      7840   943    1454.4 
 279      7920   944    1451.3 
 280      8000   942    1451.1 
 281      8080   942    1443.9 
 282      8160   942    1449.0 
 283      8240   943    1452.0 
 284      8320   943    1447.2 
 285      8400   941    1446.8 
 286      8480   941    1460.9 
 287      8560   942    1455.0 
 288      8640   941    1449.5 
 289      8720   943    1452.6 
 290      8800   943    1452.5 
 291      8880   941    1457.4 
 292      8960   943    1454.6 
 293      9040   941    1457.2 
 294      9120   942    1451.4 
 295      9200   941    1454.4 
 296      9280   941    1457.8 
 297      9360   941    1450.8 
 298      9440   942    1447.9 
 299      9520   941    1454.7 
 300      9600   941    1437.6 
 301      9680   941    1454.2 
 302      9760   940    1441.2 
 303      9840   941    1460.4 
 304      9920   940    1455.2 
 305     10000   941    1441.7 
 306     10080   940    1456.7 
 307     10160   939    1436.3 
 308     10240   941    1456.5 
 309     10320   940    1462.0 
 310     10400   940    1451.7 
 311     10480   938    1457.4 
 312     10560   937    1459.7 
 313     10640   939    1454.0 
 314     10720   939    1452.7 
 315     10800   939    1459.2 
 316     10880   939    1461.8 
 317     10960   938    1453.4 
 318     11040   941    1445.5 
 319     11120   939    1461.3 
 320     11200   939    1444.9 
 321     11280   940    1440.0 
 322     11360   939    1452.2 
 323     11440   939    1452.0 
 324     11520   940    1448.6 
 325     11600   939    1447.4 
 326     11680   936    1454.9 
 327     11760   939    1445.5 
 328     11840   938    1456.1 
 329     11920   937    1455.8 
 330     12000   939    1452.4 
 331     12080   937    1460.3 
 332     12160   938    1455.1 
 333     12240   936    1456.8 
 334     12320   936    1463.6 
 335     12400   937    1463.2 
 336     12480   938    1452.0 
 337     12560   938    1454.4 
 338     12640   938    1452.5 
 339     12720   937    1453.3 
 340     12800   937    1458.2 
 341     12880   936    1455.9 
 342     12960   937    1449.3 
 343     13040   936    1457.4 
 344     13120   937    1458.4 
 345     13200   935    1445.6 
 346     13280   937    1467.6 
 347     13360   935    1440.9 
 348     13440   936    1460.0 
 349     13520   937    1459.8 
 350     13600   937    1445.8 
 351     13680   939    1453.5 
 352     13760   935    1463.0 
 353     13840   936    1446.6 
 354     13920   935    1451.7 
 355     14000   937    1450.5 
 356     14080   935    1466.7 
 357     14160   936    1456.1 
 358     14240   935    1447.8 
 359     14320   935    1460.5 
 360     14400   935    1450.3 
 361     14480   938    1447.2 
 362     14560   937    1445.9 
 363     14640   936    1449.7 
 364     14720   935    1463.6 
 365     14800   935    1465.0 
 366     14880   936    1460.6 
 367     14960   934    1468.1 
 368     15040   935    1453.0 
 369     15120   933    1460.3 
 370     15200   936    1461.5 
 371     15280   937    1446.9 
 372     15360   936    1465.1 
 373     15440   935    1451.6 
 374     15520   936    1454.5 
 375     15600   935    1450.2 
 376     15680   934    1459.7 
 377     15760   934    1456.6 
 378     15840   934    1462.0 
 379     15920   935    1458.6 
 380     16000   935    1459.3 
 381     16080   934    1457.7 
 382     16160   934    1456.7 
 383     16240   934    1458.2 
 384     16320   936    1448.7 
 385     16400   934    1455.8 
 386     16480   935    1453.9 
 387     16560   934    1465.4 
 388     16640   935    1457.5 
 389     16720   935    1458.8 
 390     16800   934    1455.7 
 391     16880   934    1447.8 
 392     16960   935    1463.4 
 393     17040   935    1457.4 
 394     17120   934    1457.3 
 395     17200   935    1460.7 
 396     17280   935    1452.8 
 397     17360   934    1452.6 
 398     17440   936    1453.1 
 399     17520   935    1445.6 
 400     17600   935    1449.3 
 401     17680   936    1451.7 
 402     17760   934    1458.0 
 403     17840   933    1466.9 
 404     17920   934    1453.3 
 405     18000   933    1457.2 
 406     18080   935    1459.9 
 407     18160   934    1459.7 
 408     18240   935    1452.2 
 409     18320   935    1464.0 
 410     18400   933    1458.7 
 411     18480   934    1470.1 
 412     18560   934    1466.6 
 413     18640   933    1459.7 
 414     18720   934    1456.7 
 415     18800   932    1464.6 
 416     18880   933    1451.0 
 417     18960   935    1456.5 
 418     19040   934    1457.3 
 419     19120   935    1456.5 
 420     19200   933    1462.8 
 421     19280   935    1453.9 
 422     19360   934    1460.3 
 423     19440   934    1447.8 
 424     19520   933    1465.7 
 425     19600   933    1454.7 
 426     19680   933    1464.5 
 427     19760   935    1461.8 
 428     19840   933    1462.5 
 429     19920   934    1455.9 
 430     20000   933    1460.3 
 431       100   506    1447.6 
 432       200   507    1441.4 
 433       300   507    1453.1 
 434       400   509    1434.2 
 435       500   508    1416.9 
 436       600   509    1430.8 
 437       900   501    1443.7 
 438      1200   504    1425.4 
 439      1500   502    1428.1 
 440      2400   502    1381.9 
 441      3435   502    1396.2 
 442      4625   504    1376.4 
 443      5993   505    1383.2 
 444      7566   505    1382.0 
 445      9375   506    1369.8 
 446     11455   507    1378.5 
 447     13847   508    1365.0 
 448     16598   508    1337.6 
 449     19762   510    1346.9 
 450     23401   511    1337.6 
 451     27586   509    1326.3 
 452     32399   512    1332.4 
 453     37934   510    1330.8 
 454     44299   510    1326.7 
 455     51619   512    1314.3 
 456     60037   511    1308.6 
 457     69718   511    1283.2 
 458     80851   513    1292.8 
 459     93654   511    1302.2 
 460    108377   510    1296.1 
 461    125308   511    1289.6 
 462    144779   512    1294.9 
 463    167171   509    1304.9 
 464    192922   513    1276.4 
 465    222536   511    1269.9 
 466    256592   509    1295.1 
 467    295756   510    1294.1 
 468    340795   510    1286.3 
 469    392590   509    1287.4 
 470    452154   509    1287.6 
